Date,Open,High,Low,Close,Volume,signal,bull_patterns,bear_patterns
2024-10-04,512.6902217421421,521.7498868922162,508.69652965456936,515.186279296875,4781525.0,[],[],[]
2024-10-07,518.1815646388688,523.1736799051394,513.2903032637811,519.67919921875,2379365.0,[],[],[]
2024-10-08,516.1847185323608,520.178410745377,514.1878724258526,519.67919921875,1956199.0,[],[],[]
2024-10-09,520.1784467241276,522.6745045299056,518.1816004795053,522.17529296875,2989572.0,[],[],[]
2024-10-10,522.1753176437986,524.4806977051398,512.6902975336341,513.688720703125,1895007.0,[],[],[]
2024-10-11,513.189453125,516.1847223066634,510.6933954736138,513.189453125,2068404.0,[],[],[]
2024-10-14,513.1894332530886,515.186279296875,510.1941641874091,515.186279296875,2282238.0,[],[],[]
2024-10-15,517.1831665039062,518.6808011559446,514.687108750509,517.1831665039062,3024361.0,[],[],[]
2024-10-16,519.1800541750832,528.1658628050366,517.6824194034243,525.1705932617188,2012710.0,[],[],[]
2024-10-17,535.6540219021826,535.6540219021826,526.6322595610753,532.6587524414062,2949670.0,[],[],[]
2024-10-18,530.1627045967209,534.1563972867151,529.6634930104717,531.6603393554688,1157397.0,[],[],[]
2024-10-21,531.6603646908167,536.1532691811616,527.66667181051,529.164306640625,1483335.0,[],[],[]
2024-10-22,527.6666869533119,530.1627450751346,519.6793009634794,521.6761474609375,3188362.0,[],[],[]
2024-10-23,520.1784918064025,523.1737614329269,510.6934713224085,511.69189453125,2514400.0,[],[],[]
2024-10-24,511.69189453125,513.688740948933,509.69504811356705,511.69189453125,2005385.0,[],[],[]
2024-10-25,513.1894980729038,514.1879212209055,505.7013244628906,505.7013244628906,2466166.0,[],[],[]
2024-10-28,507.69816067700316,511.19264162561575,504.2036797283905,506.6997375488281,2393502.0,[],[],[]
2024-10-29,512.1910690947208,512.1910690947208,498.01344836669466,500.2099914550781,2955512.0,[],[],[]
2024-10-30,498.61249876474915,519.4915407911976,498.4028384415305,504.2036743164063,2726292.0,[],[],[]
2024-10-31,500.2099798815107,503.7044607788866,488.6282656706027,490.4254455566406,4399140.0,['RSI_OVERSOLD'],['RSI_OVERSOLD'],[]
2024-11-01,492.6219695227466,500.7092030233966,486.5555617573008,500.2099914550781,3651329.0,[],[],[]
2024-11-04,499.2115478515625,504.20366333007814,497.41439846707885,499.2115478515625,2351705.0,[],[],[]
2024-11-05,499.21157791886355,500.7092126526201,494.299322585581,495.0181884765625,1779463.0,[],[],[]
2024-11-06,499.71075750861394,499.71075750861394,485.63298581857623,487.82952880859375,3642918.0,[],[],[]
2024-11-07,491.2241616181104,494.61879403946654,487.23046924723144,490.2257385253906,2366049.0,[],[],[]
2024-11-08,490.6251321391023,492.4223120992854,487.03080268819275,489.626708984375,1662893.0,[],[],[]
2024-11-11,491.6235758311672,495.8169654439813,491.0245158194141,491.2242126464844,1571291.0,[],[],[]
2024-11-12,487.430206239146,489.427052589213,484.0355430684662,486.8311462402344,4994267.0,[],[],[]
2024-11-13,487.4301655561221,489.22731493340166,481.2399301997951,487.23046875,3646729.0,[],[],[]
2024-11-14,485.03396680492233,494.019775390625,484.83430045135884,494.019775390625,3941312.0,[],[],[]
2024-11-15,494.0197508619358,503.2052558145875,492.62196457856413,500.7091979980469,1764772.0,[],[],[]
2024-11-18,503.7044778348436,505.7013241295308,498.4128473417052,502.7060546875,1347603.0,[],[],[]
2024-11-19,504.20365378970195,507.1989230201358,497.014995448879,503.2052307128906,1847217.0,[],[],[]
2024-11-20,503.2052502481238,504.7028849214813,497.3884483895629,497.6140747070313,3177268.0,[],[],[]
2024-11-21,501.70761153676744,506.2005155206788,497.6140707019794,504.702880859375,1993333.0,[],[],[]
2024-11-22,507.6981963208441,510.4338661338803,505.70134992430195,506.2005615234375,1637751.0,[],[],[]
2024-11-25,509.69503804980377,513.9483305857151,505.2021336987281,512.6903076171875,4112314.0,[],[],[]
2024-11-26,510.69340989821325,513.0366937746719,507.19892908757055,508.6965637207031,1424733.0,[],[],[]
2024-11-27,511.19268292682926,515.1863757621951,507.4386019113587,511.69189453125,1556957.0,[],[],[]
2024-11-28,512.6902774836641,517.183181570668,512.6902774836641,515.685546875,908529.0,[],[],[]
2024-11-29,513.6886646552772,516.1847223066634,511.6918185341683,513.189453125,2333046.0,[],[],[]
2024-12-02,515.1863453640276,519.1800379637488,510.19422961437624,514.6871337890625,1964134.0,[],[],[]
2024-12-03,513.6887006141094,519.1800278315586,512.6902774836641,515.685546875,3348639.0,[],[],[]
2024-12-04,515.1862954791067,520.6776222720041,510.1941802128362,519.67919921875,2582077.0,[],[],[]
2024-12-05,522.6744696027533,526.6681618251239,519.179988908179,525.6697387695312,2422629.0,[],[],[]
2024-12-06,526.1690006713283,527.6666353980967,519.1800386130753,520.6776733398438,2173503.0,[],[],[]
2024-12-09,522.1752618642954,524.6713195213905,518.6807811443622,519.1799926757812,1320921.0,[],[],[]
2024-12-10,516.683980088923,519.679249538714,513.6887106391322,514.6871337890625,991990.0,[],[],[]
2024-12-11,511.6918948255372,518.680857291447,511.6918948255372,517.6824340820312,1098937.0,[],[],[]
2024-12-12,521.1768589093418,522.1752820107007,517.1332575366202,517.1831665039062,2347106.0,[],[],[]
2024-12-13,517.1831665039062,521.6760704600213,515.685531851868,517.1831665039062,2269186.0,[],[],[]
2024-12-16,517.6824337842987,520.1784918064025,511.5521006566722,511.69189453125,1042633.0,[],[],[]
2024-12-17,509.694980712164,512.1910384041922,501.7075960976737,503.2052307128906,2617224.0,[],[],[]
2024-12-18,504.2036743164063,506.6997321100519,502.20682808148985,504.2036743164063,1369942.0,[],[],[]
2024-12-19,500.7092030233966,501.20841459171504,496.61566206929416,500.2099914550781,1667456.0,[],[],[]
2024-12-20,499.2115428516796,501.70760056593804,492.42227805667864,499.7107543945313,3415182.0,[],[],[]
2024-12-23,497.61408021164533,501.7076211246631,496.2162939282738,500.7091979980469,1071229.0,[],[],[]
2024-12-24,501.7076160993234,504.7028854491701,501.2084045410156,501.2084045410156,436491.0,[],[],[]
2024-12-27,499.7107598852685,503.205240723627,499.7107598852685,502.2068176269531,881757.0,[],[],[]
2024-12-30,501.20841459171504,504.2036840016257,498.41284199691427,500.2099914550781,608408.0,[],[],[]
2024-12-31,501.70762724034927,509.19580078125,499.97236124373535,509.19580078125,514204.0,[],[],[]
2025-01-02,510.1942443847656,512.1910907424359,505.7013400800074,510.1942443847656,1229072.0,[],[],[]
2025-01-03,507.1989495018671,512.1910651465705,507.1989495018671,509.6950073242188,3205820.0,[],[],[]
2025-01-06,510.19421469358224,516.1847534179688,509.1957915728512,516.1847534179688,1838974.0,[],[],[]
2025-01-07,513.1895085787703,513.1895085787703,504.50321482554915,507.69818115234375,1388059.0,[],[],[]
2025-01-08,507.19893110162616,509.1957772870656,487.62983239042836,490.2257385253906,2900735.0,[],[],[]
2025-01-09,479.8421642077304,490.225758705566,479.24310423354723,488.8279724121094,3017199.0,[],[],[]
2025-01-10,488.4286079354755,489.2273342525953,478.2446798101901,478.64404296875,2380249.0,['RSI_OVERSOLD'],['RSI_OVERSOLD'],[]
2025-01-13,475.8484605213128,484.0355117451052,474.45067426061223,480.2415161132813,2042839.0,[],[],[]
2025-01-14,481.04025256204693,483.23679563909786,478.24467998166915,479.8421630859375,2106056.0,[],[],[]
2025-01-15,483.037110883077,497.4144287109375,482.03868772666766,497.4144287109375,2244660.0,[],[],[]
2025-01-16,498.2131247558594,499.7107593994141,493.02131247042126,499.2115478515625,2087994.0,[],[],[]
2025-01-17,499.7107905512271,507.1989642358109,499.7107905512271,505.2021179199219,1739298.0,[],[],[]
2025-01-20,504.2036688505713,505.2020919572061,499.2115533173974,501.7076110839844,6767744.0,[],[],[]
2025-01-21,501.7076368671161,506.2005410778664,500.2100021301993,505.2021179199219,1180787.0,[],[],[]
2025-01-22,503.7044781668871,509.19580548089675,503.10642367625667,505.7013244628906,2565835.0,[],[],[]
2025-01-23,506.69975265683865,507.69817581478316,503.7044831830051,505.2021179199219,1806508.0,[],[],[]
2025-01-24,505.202097855215,507.69815565094234,503.20525161863316,507.1989440917969,1485599.0,[],[],[]
2025-01-27,505.701299905777,514.810935666319,504.1058278366836,511.192626953125,1840550.0,[],[],[]
2025-01-28,511.6918543532188,518.1816047011133,509.6950080923282,515.685546875,1732421.0,[],[],[]
2025-01-29,517.1831415856149,522.1752568518853,516.1847185323608,519.67919921875,1357715.0,[],[],['shooting_star']
2025-01-30,521.1768388014573,523.1736849271334,517.1831465501051,519.1799926757812,1550521.0,[],[],[]
2025-01-31,519.6793009634794,524.6714172071247,517.1832428416567,521.6761474609375,3061804.0,[],[],[]
2025-02-03,512.6903177400915,514.6871641577744,505.2021436737805,511.69189453125,1999952.0,[],[],[]
2025-02-04,510.6934250058152,513.1894828015426,501.20840538205124,507.1989440917969,2612198.0,[],[],[]
2025-02-05,504.20366618624064,517.6823780545857,503.7044546355612,517.1831665039062,1334589.0,[],[],[]
2025-02-06,520.6776222720041,528.6650066980368,518.1815646388688,519.67919921875,2050626.0,[],[],[]
2025-02-07,521.6760603770585,525.669752705304,515.1863103436597,518.1815795898438,2497032.0,[],[],[]
2025-02-10,518.680741579478,524.1720680062098,517.6823185927996,523.1736450195312,2177603.0,[],[],[]
2025-02-11,523.1736950001506,523.6729065411812,517.1831565077824,518.1815795898438,1614310.0,[],[],[]
2025-02-12,517.6823931358906,523.6729319185624,513.1894890488868,515.685546875,2428425.0,[],[],[]
2025-02-13,520.6776726886442,523.1737305634699,513.1894990641671,514.6871337890625,2404802.0,[],[],[]
2025-02-14,515.186309279057,516.1847323590551,508.1973477190698,512.1910400390625,2817184.0,[],[],[]
2025-02-17,509.6950065378391,512.1910643563398,500.01029001427423,503.7044677734375,4574558.0,[],[],[]
2025-02-18,504.20370006279956,508.6966043207849,501.208430557476,507.69818115234375,1719756.0,[],[],[]
2025-02-19,507.69813368997484,509.69497984018125,498.2131144764945,498.4128112792969,2826121.0,[],[],[]
2025-02-20,500.20998643473877,506.20052519443624,498.84114613434707,500.7091979980469,2450707.0,[],[],[]
2025-02-21,503.7044831830051,509.19581055169994,501.2084252881438,505.2021179199219,1989117.0,[],[],[]
2025-02-24,506.2005410778664,509.19581055169994,501.7076368671161,505.2021179199219,1300893.0,[],[],[]
2025-02-25,502.2068334720405,510.7633269931699,502.2068334720405,506.6997375488281,1819547.0,[],[],[]
2025-02-26,508.69657014235565,517.1831665039062,507.1989354903173,517.1831665039062,1817888.0,[],[],[]
2025-02-27,515.6855775981826,520.6776935478262,511.1567192834168,518.6808471679688,2077928.0,[],[],[]
2025-02-28,515.1863203011884,520.178435807983,514.0880792652576,517.1831665039062,6657562.0,[],[],[]
2025-03-03,518.1816154618963,522.1753080666123,511.69186497923283,520.6776733398438,2042855.0,[],[],[]
2025-03-04,516.6839649783343,523.1737152630864,512.69027249541,516.1847534179688,3328867.0,[],[],[]
2025-03-05,519.6792393967812,524.6713550490077,514.1879121793321,515.685546875,2349826.0,[],[],[]
2025-03-06,519.1800061526312,519.6792176970088,506.699717543193,508.6965637207031,3365297.0,[],[],[]
2025-03-07,506.2005419684845,517.1831967251973,503.4948237371423,514.1879272460938,2181784.0,[],[],[]
2025-03-10,517.1832017963436,522.7244381992358,512.1910859488885,513.688720703125,3257676.0,[],[],[]
2025-03-11,511.6918586282169,515.1863396139706,505.20210822610295,509.19580078125,7782061.0,[],[],[]
2025-03-12,511.1926577669903,517.1831967251973,507.69817670803627,514.1879272460938,2968215.0,[],[],[]
2025-03-13,512.1910102311955,518.6807598735011,509.69495267646255,515.186279296875,4281403.0,[],[],[]
2025-03-14,515.1862611261033,523.6728565128705,512.6902036594071,523.1736450195312,3582391.0,[],[],[]
2025-03-17,544.6399066267343,579.0855102539062,536.1533086316339,579.0855102539062,15712355.0,[],[],[]
2025-03-18,580.0838628245781,586.0744018554688,574.0933237936874,586.0744018554688,7886431.0,[],[],[]
2025-03-19,587.0728143121778,589.0696606193621,577.5877943530525,581.082275390625,4020669.0,[],[],[]
2025-03-20,584.0775289163961,585.0759520427489,570.0996051474567,576.58935546875,8792466.0,[],[],[]
2025-03-21,573.0948845233901,579.0854233860039,570.8983414193158,575.5909423828125,8726793.0,[],[],[]
2025-03-24,577.587798780612,579.5846451031033,571.0980482325152,574.592529296875,3146358.0,[],[],[]
2025-03-25,579.0853871202635,581.0822332827472,571.5972140109498,573.0948486328125,2444110.0,[],[],[]
2025-03-26,575.5909474160936,579.8572197844624,571.5972548060947,575.0917358398438,3829345.0,[],[],[]
2025-03-27,573.0949046215459,574.5925393897206,569.1012119064131,573.5941162109375,5588570.0,[],[],[]
2025-03-28,575.0917250437828,577.5877828781743,568.1027631074869,570.099609375,5558102.0,[],[],[]
2025-03-31,566.605184026069,572.595723416653,563.609914330777,570.598876953125,5185446.0,[],[],[]
2025-04-01,577.5878089260702,580.857669212151,570.5988466745879,573.5941162109375,4579735.0,[],[],[]
2025-04-02,570.5987959099315,576.3367426706236,567.6035266400631,572.5956420898438,4297253.0,[],[],[]
2025-04-03,541.4035653531827,549.394761889761,538.4068666519657,541.9030151367188,4796893.0,[],[],[]
2025-04-04,539.4057451668433,546.3980418634504,522.4244531893686,530.4156494140625,7809366.0,[],[],[]
2025-04-07,515.9315904760549,530.0430578222837,484.6660483968537,505.4431457519531,9209011.0,[],[],[]
2025-04-08,511.93606203252614,533.4124041470614,507.9404634995894,527.4190063476562,5639790.0,[],[],[]
2025-04-09,515.4321854841164,520.9261331976098,504.44429005712936,512.9349365234375,5077736.0,[],[],[]
2025-04-10,531.4145003633721,547.3968913517442,527.9183523346657,536.908447265625,5535913.0,[],[],[]
2025-04-11,540.4046134321084,551.8919573405543,534.3912191111492,546.3980102539062,3433060.0,[],[],[]
2025-04-14,554.3892377488156,564.8776827873068,548.8952903477012,563.3793334960938,4433379.0,[],[],[]
2025-04-15,564.3781872729322,574.3671817379399,563.3792878264314,571.3704833984375,3513218.0,[],[],[]
2025-04-16,571.3704881792592,574.8666362712651,567.3748903598238,573.8677368164062,3499808.0,[],[],[]
2025-04-17,574.3671941468709,579.3616914872784,568.3737973383818,577.8633422851562,2325673.0,[],[],[]
2025-04-22,577.8633479530813,584.3561945592958,576.3649987362627,580.8600463867188,2538305.0,[],[],[]
2025-04-23,589.3506929063306,591.8479416050861,576.8644494125523,581.3594970703125,2299862.0,[],[],[]
2025-04-24,581.8589496367389,586.8534470585134,578.8622511836741,582.8578491210938,1694677.0,[],[],[]
2025-04-25,583.8567560983212,587.3529043384309,582.3384093528606,586.8534545898438,3241199.0,[],[],[]
2025-04-28,586.3539477891089,591.8478944890069,585.8544980891181,588.8511962890625,1503622.0,[],[],[]
2025-04-29,593.3463116238934,596.3430101674484,589.3307160657735,592.347412109375,1516701.0,[],[],[]
2025-04-30,593.8457696763043,598.3408175544259,589.8501715624183,596.8424682617188,3706011.0,[],[],[]
2025-05-01,596.8424043079351,596.8424043079351,590.8490077793199,595.3440551757812,1310316.0,[],[],[]
2025-05-02,597.841371461488,599.8391705306994,594.8446728576711,598.8402709960938,2992847.0,[],[],[]
2025-05-06,602.3363676236818,605.3330659700682,596.3429709309088,603.834716796875,7653642.0,[],[],[]
2025-05-07,605.3331316927513,607.3309308072488,601.8369832423806,606.33203125,3343183.0,[],[],[]
2025-05-08,609.3287225979477,611.8259714610541,602.33642578125,602.33642578125,1977974.0,[],[],[]
2025-05-09,603.8347930659284,612.325439453125,601.3375441285175,612.325439453125,1943273.0,[],[],[]
2025-05-12,615.8215032948829,620.3165507641886,591.847916791919,600.3385620117188,2936038.0,[],[],[]
2025-05-13,598.8402764664646,604.3342239569827,594.3452285196771,601.8369750976562,1960458.0,[],[],[]
2025-05-14,601.3374691293259,606.8314161064211,598.8402205033735,604.3341674804688,1665312.0,[],[],[]
2025-05-15,602.8358371145357,614.3231811523438,599.8391386698901,614.3231811523438,3480449.0,[],[],[]
2025-05-16,617.3198843149039,617.8193340594952,612.8248366135817,616.8204345703125,1576674.0,[],[],['hanging_man']
2025-05-19,616.8204345703125,618.8182335486779,611.3264873798078,616.8204345703125,1957469.0,[],[],[]
2025-05-20,618.3188520755292,621.8150006736945,615.8216030768397,620.8161010742188,1968817.0,[],[],[]
2025-05-21,632.8028049693037,641.7929000675258,626.8094082371556,637.7973022460938,4520524.0,[],[],[]
2025-05-22,635.799543914187,637.2978931928536,624.3121994444099,626.8094482421875,3584205.0,[],[],[]
2025-05-23,627.3089080858757,634.3012048320559,620.8160611072799,632.3034057617188,3755113.0,[],[],[]
2025-05-27,633.3023180007934,642.7918637752533,633.3023180007934,639.2957153320312,2771208.0,[],[],[]
2025-05-28,639.2956590466927,644.2901563829948,638.2967595794322,641.7929077148438,1702089.0,[],[],[]
2025-05-29,636.79845551211,638.7962545882264,619.3177135960913,633.3023071289062,3131204.0,[],[],[]
2025-05-30,634.3012066669645,639.7951541262846,631.3045080527899,633.3023071289062,6855616.0,[],[],[]
2025-06-02,632.3033665079216,645.2890596589532,632.178504073777,643.7907104492188,1946506.0,[],[],[]
2025-06-03,644.2901620783609,648.7852097207682,641.2934636500895,644.7896118164062,2925365.0,[],[],[]
2025-06-04,646.787405051146,646.787405051146,638.2967595794322,641.7929077148438,2098436.0,[],[],[]
2025-06-05,642.7918090820312,645.7885074926701,638.296761466073,642.7918090820312,3292850.0,[],[],[]
2025-06-06,646.7874192457933,656.2769643930288,645.2890700120192,649.28466796875,2732962.0,[],[],['shooting_star']
2025-06-09,651.7819213867188,654.0854138654881,647.7863234012063,651.7819213867188,1943633.0,[],[],[]
2025-06-10,653.2802725035267,655.7775212516289,648.7852247569429,652.7808227539062,1888569.0,[],[],[]
2025-06-11,652.2813804249347,659.2736769991683,651.7819306696323,656.7764282226562,3354310.0,[],[],[]
2025-06-12,654.2791729381689,655.7775221891724,650.7830246858276,653.2802734375,1410275.0,[],[],[]
2025-06-13,648.7852219657664,654.2791691879553,644.2901742385209,651.282470703125,2020859.0,[],[],[]
2025-06-16,651.7818671901051,658.2747133766733,649.7840683634688,655.2780151367188,1479901.0,[],[],[]
2025-06-17,653.2802715681231,653.8186798606747,648.7852238279754,652.2813720703125,2471536.0,[],[],[]
2025-06-18,655.7775360822498,662.7698327350688,653.7797370385871,660.7720336914062,2559982.0,[],[],[]
2025-06-19,657.7753286622577,661.2714769543123,654.2791803702032,657.27587890625,1584208.0,[],[],[]
2025-06-20,662.2703755309827,667.2648730840067,656.7394816221054,656.7764282226562,8541120.0,[],[],[]
2025-06-23,654.2791673042075,657.7753155264437,645.7885216216338,650.2835693359375,1949649.0,[],[],[]
2025-06-24,658.2747728187619,660.2725718257992,652.2813757976503,654.2791748046875,2037079.0,[],[],[]
2025-06-25,654.7786721954935,657.2759211359797,646.7874755859375,646.7874755859375,1911739.0,[],[],[]
2025-06-26,649.784123325786,654.2791710659336,646.7874248323543,652.2813720703125,1599598.0,[],[],[]
2025-06-27,652.2813188387379,657.7752656283444,650.0048353606537,656.2769165039062,1238880.0,[],[],[]
2025-06-30,660.2725783734043,661.2714778868285,655.2780808062832,657.7753295898438,2205971.0,[],[],[]
2025-07-01,662.2703829741532,664.7676317787315,658.274784886828,660.7720336914062,2301584.0,[],[],[]
2025-07-02,662.2703369140625,664.2681358187806,636.2989511527268,636.7984008789062,3791202.0,[],[],[]
2025-07-03,644.7896773255901,647.6475519410012,639.3756586861635,647.2869262695312,5136497.0,[],[],[]
2025-07-04,645.788576009743,647.786375162132,643.0915349604195,646.7874755859375,2308671.0,[],[],[]
2025-07-07,647.2869190666246,651.2825173324679,642.7918710175509,643.2913208007812,2499935.0,[],[],[]
2025-07-08,641.2935062051289,645.2891043746312,634.8006591796875,634.8006591796875,2660601.0,[],[],[]
2025-07-09,636.2990103194962,641.293508045709,635.1762238189356,635.799560546875,2879629.0,[],[],[]
2025-07-10,640.2946094171592,642.7918582838408,636.1242160033989,636.2990112304688,2552089.0,[],[],[]
2025-07-11,637.7973731852467,644.7896701504725,636.2990238355553,643.2913208007812,2925525.0,[],[],[]
2025-07-14,641.2934766747486,651.7819213867188,640.7940269265595,651.7819213867188,1140626.0,[],[],[]
2025-07-15,655.7775165423087,655.7775165423087,648.7852200978363,650.2835693359375,1712077.0,[],[],[]
2025-07-16,646.7874117163312,650.2835598877708,645.2890625,645.2890625,1350184.0,[],[],[]
2025-07-17,648.2857561682025,649.2846556384154,642.7918090820312,642.7918090820312,1634643.0,[],[],[]
2025-07-18,648.2857618811328,648.2857618811328,639.7951163095,645.7885131835938,1803851.0,[],[],[]
2025-07-21,648.2857823825154,658.2747774885635,643.7907345847939,656.7764282226562,1722733.0,[],[],[]
2025-07-22,653.2802696930119,655.7775184303705,648.2857722182946,651.282470703125,1150489.0,[],[],[]
2025-07-23,654.7786236231885,655.278073374236,651.2824753658565,653.7797241210938,1362971.0,[],[],[]
2025-07-24,654.7786236231885,657.2758723784258,649.0099546113959,653.7797241210938,1340680.0,[],[],[]
2025-07-25,654.2791644677095,654.2791644677095,644.2901695903399,648.7852172851562,1368518.0,[],[],[]
2025-07-28,652.2813645467185,654.2791635192965,646.2879676289845,648.2857666015625,1341918.0,[],[],[]
2025-07-29,648.2857656603882,650.7830143724852,645.2890672058718,647.7863159179688,1358291.0,[],[],[]
2025-07-30,649.2846660878515,653.779713776152,643.7907189132619,648.2857666015625,1199283.0,[],[],[]
2025-07-31,652.2813922928041,663.7687368737646,648.2857941776873,663.269287109375,2032712.0,[],[],[]
2025-08-01,657.775334206724,665.2670806099896,656.2769849260709,660.2725830078125,1575118.0,[],[],[]
2025-08-04,660.7720563305592,673.2922599519484,660.2726065525316,673.25830078125,2083945.0,[],[],[]
2025-08-05,672.2593440670939,677.2538414227187,669.262645653719,675.2560424804688,1958090.0,[],[],[]
2025-08-06,676.2549615847483,686.2439565860001,673.1783340533264,685.7445068359375,3776577.0,[],[],[]
2025-08-07,685.7444926782981,687.7422916373026,673.25824918452,678.2527465820312,1726200.0,[],[],[]
2025-08-08,676.2549485633967,679.7510967465163,673.7576998611686,678.752197265625,2660921.0,[],[],[]
2025-08-11,680.7499497148494,686.7433461906955,679.7510503022085,686.243896484375,1349560.0,[],[],[]
2025-08-12,687.2428532732664,693.7356999975051,681.7489060450645,684.2461547851562,1661807.0,[],[],[]
2025-08-13,686.2440203289652,690.2396187006041,683.746771346691,687.242919921875,2957442.0,[],[],[]
2025-08-14,690.2395721961711,698.2307684010473,688.6822668627578,695.2340698242188,1799956.0,[],[],[]
2025-08-15,697.7313074526579,698.2307572074558,689.2406616210938,689.2406616210938,1353626.0,[],[],[]
2025-08-18,690.2395498710766,692.7367986043295,683.2472534179688,683.2472534179688,3215991.0,[],[],[]
2025-08-19,684.2461453606101,685.7444945840275,676.254949502384,679.2516479492188,1397459.0,[],[],[]
2025-08-20,682.2483659726307,692.2373610820397,679.7511171952785,689.7401123046875,1130817.0,[],[],[]
2025-08-21,690.7390155227606,694.7346135879682,686.743417457553,691.7379150390625,1163408.0,[],[],[]
2025-08-22,689.7400590032876,698.7301539070234,686.7433607020423,693.7356567382812,1542771.0,[],[],[]
2025-08-26,691.2384717217807,695.2340698242188,683.7467252797094,695.2340698242188,4276326.0,[],[],[]
2025-08-27,697.2318614452561,698.2307609602206,688.7412155680573,691.2384643554688,1132925.0,[],[],[]
2025-08-28,694.2350967108468,694.2350967108468,681.249404254385,688.7411499023438,1049815.0,[],[],[]
2025-08-29,689.240707431046,690.239607007033,678.2528120951887,680.7500610351562,1400737.0,[],[],[]
2025-09-01,680.7500610351562,685.2361468323181,677.2539125192017,680.7500610351562,1250049.0,[],[],[]
2025-09-02,679.2516585111983,681.2494575068195,652.2813720703125,652.2813720703125,3406195.0,[],[],[]
2025-09-03,651.781925116904,660.7720206357578,640.7940305938604,653.7797241210938,3784458.0,[],[],[]
2025-09-04,654.7786347290316,664.2681801598872,654.2791849695129,659.7731323242188,1861139.0,[],[],[]
2025-09-05,659.7731496326959,672.5870359255307,659.7731496326959,669.2626953125,2530852.0,[],[],[]
2025-09-08,664.268163332839,669.262660801507,618.3187866210938,618.3187866210938,12968418.0,['RSI_OVERSOLD'],['RSI_OVERSOLD'],[]
2025-09-09,615.8214983258929,639.2956349206349,614.3231491815476,629.306640625,4916181.0,[],[],[]
2025-09-10,629.8061632754197,641.8428906019944,629.3067135027985,635.799560546875,3723923.0,[],[],[]
2025-09-11,635.3001171112061,642.2924139976501,634.3012175559998,639.2957153320312,2346829.0,[],[],[]
2025-09-12,640.7940157885157,648.7852116206406,639.7951163095,645.7885131835938,3769503.0,[],[],[]
2025-09-15,648.7852321378178,658.7742272438659,646.7874331166083,656.7764282226562,3009182.0,[],[],[]
2025-09-16,657.2758484837423,659.2736474153038,640.7940072983596,641.29345703125,3099778.0,[],[],[]
2025-09-17,643.7907207782453,655.2780649038461,640.7940223106972,649.28466796875,2049067.0,[],[],[]
2025-09-18,650.2836383322011,659.2737347146739,648.285839136096,654.7786865234375,1935672.0,[],[],[]
2025-09-19,654.7786292014467,658.7742272438659,651.7819306696323,656.7764282226562,4898954.0,[],[],[]
2025-09-22,655.2780170876142,658.2747153364904,652.2813188387379,656.2769165039062,2136421.0,[],[],[]
2025-09-23,657.2758159201984,663.0235114506867,653.28021825503,656.2769165039062,3342283.0,[],[],[]
2025-09-24,657.2758798331316,661.7709276435406,653.2802817794349,657.7753295898438,2665468.0,[],[],[]
2025-09-25,633.5653965737234,633.5653965737234,620.0746507476267,622.5729370117188,7364621.0,[],[],[]
2025-09-26,624.5715755285289,634.5647207369854,624.2767948230085,634.0650634765625,3092812.0,[],[],[]
2025-09-29,639.561359399529,639.561359399529,633.0658143431275,636.5634155273438,2098152.0,[],[],[]
2025-09-30,638.0623262845553,644.0582134540265,632.5660963792067,643.0588989257812,2403806.0,[],[],[]
2025-10-01,646.5564809800669,649.5544244776561,638.5619649864958,646.0568237304688,3078688.0,[],[],[]
2025-10-02,647.5558471679688,649.0548190364132,640.0609878257469,647.5558471679688,1864455.0,[],[],[]
2025-10-03,650.0541006234976,656.0499877929688,647.5558143028846,656.0499877929688,2180173.0,[],[],[]
2025-10-06,656.5496589936406,663.5448608398438,651.5530862463526,663.5448608398438,3115991.0,[],[],[]
2025-10-07,662.5455416378791,666.5427998076401,650.0541098573761,661.0465698242188,2911247.0,[],[],[]
2025-10-08,662.5455416378791,663.5448561803194,654.5510252983572,661.0465698242188,1714359.0,[],[],[]
2025-10-09,664.0444946289062,667.0424381712489,660.0472365724494,664.0444946289062,2029116.0,[],[],[]
2025-10-10,666.5428185943374,670.0404195914591,661.5462457413064,664.544189453125,1842615.0,[],[],[]
2025-10-13,666.0431190325238,673.0383205827529,663.544832764585,668.041748046875,2987482.0,[],[],[]
2025-10-14,665.5435127884215,676.5359732098519,662.5455690371224,676.0363159179688,6160505.0,[],[],[]
2025-10-15,678.5345882751781,682.5318465271674,673.5380154601916,675.0369873046875,2343938.0,[],[],[]
2025-10-16,674.0376828376898,677.035626571586,655.550363145329,660.5469360351562,1758582.0,[],[],[]
2025-10-17,651.5530959812837,655.0506969566433,638.5620066442335,649.0548095703125,3870891.0,[],[],[]
2025-10-20,653.5517014723557,654.0513587364784,647.5558143028846,649.554443359375,1465160.0,[],[],[]
2025-10-21,649.5544620388413,657.0493212162125,649.5544620388413,653.0520629882812,2284536.0,[],[],[]
2025-10-22,657.5489688347914,674.0376587827762,657.0493115636402,667.5421142578125,2552058.0,[],[],[]
2025-10-23,669.0410484056795,670.5400201347437,664.0444759754653,667.0424194335938,1433640.0,[],[],[]
2025-10-24,668.0417436422762,678.5345458984375,661.0465421381685,678.5345458984375,2738528.0,[],[],[]
2025-10-27,680.5331703286569,686.0294000449676,675.0369406123461,682.5317993164062,2085452.0,[],[],[]
2025-10-28,683.531113810281,685.030085551093,670.0403681429727,682.5317993164062,1797737.0,[],[],[]
2025-10-29,685.0301232383298,686.0294377871822,677.5352641219367,683.031494140625,1219391.0,[],[],['hanging_man']
2025-10-30,685.5297285958119,685.5297285958119,677.535212810438,681.532470703125,1554491.0,[],[],[]
2025-10-31,681.5325415183953,684.5304852494147,669.4068862539536,673.5380249023438,2182773.0,[],[],[]
2025-11-03,676.0362596469705,683.0314611510781,673.5379733955035,678.5345458984375,1794747.0,[],[],[]
2025-11-04,675.0369967678535,678.534597787376,664.0375221888272,673.5380249023438,2395749.0,[],[],[]
2025-11-05,674.5373252211817,679.5338980005979,668.5414378858823,679.0342407226562,2675053.0,[],[],[]
2025-11-06,680.533207768494,684.0308086894773,674.5373204753795,683.031494140625,1755002.0,[],[],[]
2025-11-07,681.5325602513838,683.5311894603321,671.539414206642,677.03564453125,1144333.0,[],[],[]
2025-11-10,683.531113810281,685.5297427980303,675.0369406123461,682.5317993164062,1603060.0,[],[],[]
2025-11-11,687.5284001482664,689.0273719509153,681.0328556701214,684.5304565429688,1786053.0,[],[],[]
2025-11-12,688.5276817088564,693.52425414506,684.0307665162732,686.529052734375,4855982.0,[],[],[]
2025-11-13,688.028085948263,690.0447081311344,680.0335693359375,680.0335693359375,1476228.0,[],[],[]
2025-11-14,670.5400910248627,671.5394056165541,655.0507148536476,665.5435180664062,2572100.0,[],[],[]
2025-11-17,669.0410955247356,670.5400673593691,662.0458936297795,666.0431518554688,3024340.0,[],[],[]
2025-11-18,659.0479360762786,662.0458796823875,652.0527343286911,658.5482788085938,3030506.0,[],[],[]
2025-11-19,658.048612122142,659.5475839037414,648.0554669114792,653.5516967773438,1895826.0,[],[],[]
2025-11-20,660.5468937372365,662.0458655081984,655.050663910376,657.5489501953125,2005735.0,[],[],[]
2025-11-21,650.5537162087181,664.5441187078303,648.5550872802735,659.5475463867188,1827124.0,[],[],[]
2025-11-24,661.0465744661998,669.0410908618605,656.5496589936406,663.5448608398438,2624072.0,[],[],[]
2025-11-25,663.5448467548077,671.5393629807692,659.0479313777043,669.0410766601562,1524050.0,[],[],[]
2025-11-26,671.5393538423244,693.5242731645434,667.0424385264159,690.0266723632812,4498321.0,[],[],[]
2025-11-27,691.5256629086365,698.0212074301771,688.0280620124223,693.5242919921875,1611255.0,[],[],[]
2025-11-28,695.52294921875,697.0219210920662,690.5263763076957,695.52294921875,1840731.0,[],[],[]
2025-12-01,694.0239492630752,695.5229210757385,685.5297756579836,693.5242919921875,1616453.0,[],[],[]
2025-12-02,695.5229210757385,698.520864701065,692.0253201795242,693.5242919921875,3182554.0,[],[],[]
2025-12-03,695.0232261432188,696.0225406308439,687.0287102422185,693.0245971679688,1411304.0,[],[],[]
2025-12-04,695.5228975431966,697.5215265591253,688.527695987446,694.02392578125,2165057.0,[],[],[]
2025-12-05,694.5236159782547,699.5201887550767,692.0253295898438,692.0253295898438,1992179.0,[],[],[]
2025-12-08,692.5249396578192,694.5235686323007,682.0321375417917,686.529052734375,1937156.0,[],[],[]
2025-12-09,684.0308179225104,692.5249917024101,682.0321887978281,688.028076171875,1479357.0,[],[],[]
2025-12-10,684.5304329019583,686.529061903132,677.0355741475573,678.5345458984375,1893705.0,[],[],[]
2025-12-11,680.0335552785394,682.0321843903059,676.0362970550066,679.0342407226562,2735820.0,[],[],[]
2025-12-12,683.5311752962167,688.0280909231655,674.0376867504359,676.0363159179688,2564802.0,[],[],[]
2025-12-15,681.5325174908817,697.0218928884017,676.0362875111165,693.5242919921875,2854193.0,[],[],[]
2025-12-16,694.5236346365391,697.0219210920662,689.5270617254849,695.52294921875,1520135.0,[],[],[]
2025-12-17,699.5202246229572,727.5010336078756,699.5202246229572,718.5072021484375,7091035.0,[],[],[]
2025-12-18,722.5043899137347,728.0006197125252,717.0081601149442,726.5016479492188,2703145.0,[],[],[]
2025-12-19,727.0013568069154,728.0006713867188,719.5064974583905,728.0006713867188,6347067.0,[],[],['hanging_man']
2025-12-22,723.0040238318164,728.0005962148974,719.5064231636597,727.0012817382812,1154300.0,[],[],[]
2025-12-23,728.0006151108018,731.997873121019,725.0026716031389,730.4989013671875,2094000.0,[],[],[]
2025-12-24,725.5023849372104,731.997929705932,725.5023849372104,728.0006713867188,288820.0,[],[],[]
2025-12-29,727.5009812414442,731.9978966474696,725.0026949047634,729.999267578125,1077162.0,[],[],[]
2025-12-30,728.9999901516154,736.9945068359375,725.2395688782809,736.9945068359375,854701.0,[],[],[]
2025-12-31,736.4948120117188,737.9937838136422,731.4982393386406,736.4948120117188,543856.0,[],[],[]
2026-01-02,738.4934643916133,744.4893517885682,731.4982624284993,742.49072265625,1459341.0,[],[],[]
2026-01-05,748.9862483538508,748.9862483538508,728.9999575372036,745.4886474609375,2068619.0,[],[],['hanging_man']
2026-01-06,745.4886617203325,755.9814645997742,739.992431640625,739.992431640625,1498167.0,[],[],[]
2026-01-07,733.4968966643559,737.9938122433607,726.0020373660143,731.9979248046875,1900038.0,[],[],[]
2026-01-08,730.9985820305933,743.4900137125925,729.9992674960333,742.9903564453125,1527602.0,[],[],[]
2026-01-09,743.4900090144231,743.9896662785457,733.9965209960938,740.4920654296875,2050972.0,[],[],[]
2026-01-12,737.9938165172081,744.9890185695039,730.9986144649123,740.9917602539062,2190897.0,[],[],[]
2026-01-13,740.991713233616,743.4899995223335,732.4975398519765,735.4954833984375,1728919.0,[],[],[]
2026-01-14,735.9951782226562,739.4927792053844,729.9992908236936,735.9951782226562,1345633.0,[],[],[]
2026-01-15,736.4948630518561,749.985610204095,734.496233844117,744.4893798828125,1414982.0,[],[],[]
2026-01-16,744.4893471603857,745.4886617203325,736.4948306808111,739.992431640625,3938190.0,[],[],[]
2026-01-19,735.4955066382765,747.9869384765625,731.498248450025,747.9869384765625,1981362.0,[],[],[]
2026-01-20,747.487276709584,747.487276709584,732.49755859375,732.49755859375,1947792.0,[],[],[]
2026-01-21,736.9944835149174,743.4900281153879,729.4996243605284,730.9985961914062,1655999.0,[],[],[]
2026-01-22,735.4954737103175,741.4913607242603,715.5921345746789,724.0033569335938,2376117.0,[],[],[]
2026-01-23,723.0040988235262,731.9979300459336,718.5071832123225,721.505126953125,1349925.0,[],[],[]
2026-01-26,723.5037701660832,731.4982869634985,722.5044555664062,722.5044555664062,1465733.0,[],[],[]
2026-01-27,728.5003377528278,734.9958826024758,723.0041074954333,732.9972534179688,1783344.0,[],[],[]
2026-01-28,732.9972110997131,744.9889855144323,730.9985820305933,742.9903564453125,1997649.0,[],[],[]
2026-01-29,744.4893376846519,747.487281326335,738.4934504012856,741.4913940429688,1174249.0,[],[],[]
2026-01-30,739.4927602978153,745.9883048139446,734.4961875931002,738.9931030273438,2381548.0,[],[],[]
2026-02-02,736.9945016136782,749.4859338444185,733.4969005890708,747.4873046875,1674770.0,[],[],[]
2026-02-03,750.4852060202512,751.9841778032477,741.4913753222721,750.98486328125,1502309.0,[],[],[]
2026-02-04,753.4831308373716,767.4735337972166,751.484501843108,753.9827880859375,2791247.0,[],[],['shooting_star']
2026-02-05,754.4824357188646,757.9800364142501,744.638175558525,748.9862060546875,1271702.0,[],[],[]
2026-02-06,746.4879666559682,754.4824830324711,744.9889948353739,747.9869384765625,1228462.0,[],[],[]
2026-02-09,749.9855582290297,753.4831591001845,724.0033803290233,736.4948120117188,2343667.0,[],[],[]
2026-02-10,731.4982299804688,739.4927461551187,725.5023428494814,731.4982299804688,3241480.0,[],[],[]
2026-02-11,732.9972534179688,738.99314097149,728.000680456701,732.9972534179688,2738760.0,[],[],[]
2026-02-12,736.9944831843021,749.9855723794152,733.4968822471562,743.9896850585938,1943147.0,[],[],[]
2026-02-13,747.4872623719956,753.4831495033218,734.4961735874556,737.9937744140625,3052373.0,[],[],[]
2026-02-16,740.492051448426,747.4872530140657,737.9937651749832,745.98828125,1111224.0,[],[],[]
2026-02-17,747.9869706616581,758.9794311523438,743.4900550063776,758.9794311523438,1438843.0,[],[],[]
2026-02-18,759.4790555236375,763.9759709839749,754.4824827899293,760.97802734375,1164481.0,[],[],[]
2026-02-19,763.4762760117238,763.9759332604226,754.482445535146,760.4783325195312,1003545.0,[],[],[]
2026-02-20,763.9759942567309,769.9718817198315,761.4777078137723,766.9739379882812,2327285.0,[],[],[]
2026-02-23,766.4742955953218,773.9691550698524,748.3207310191217,754.982177734375,1993608.0,[],[],[]
2026-02-24,752.9834970327524,754.3825617696231,740.4920654296875,740.4920654296875,2348216.0,[],[],[]
2026-02-25,746.4880175038985,757.980135577921,739.992472505538,755.9815063476562,1673279.0,[],[],[]
2026-02-26,756.4811210657208,765.974609375,747.986947315313,765.974609375,1301055.0,[],[],[]
2026-02-27,764.9752713716947,773.9691021259014,760.4783559945913,766.4742431640625,2401822.0,[],[],[]
2026-03-02,751.9842252423687,755.9814835825274,739.9924502218923,743.4900512695312,2350885.0,[],[],[]
2026-03-03,740.9916933977253,743.4899796195652,709.513287002542,712.51123046875,2659540.0,[],[],[]
2026-03-04,712.5112769439133,732.497568022284,709.5133332821578,730.9985961914062,2609031.0,[],[],[]
2026-03-05,732.497582385691,738.4934698267745,721.5051220770381,725.5023803710938,1696989.0,[],[],[]
2026-03-06,727.0013625037059,736.9945083800454,703.0178124004908,711.0123291015625,2012546.0,[],[],[]
2026-03-09,699.5201602524212,699.5201602524212,675.9893043037237,690.0266723632812,3301638.0,[],[],[]
2026-03-10,706.5153667676888,721.5050845916143,704.5167377244987,705.5160522460938,2187754.0,[],[],[]
2026-03-11,699.5202026367188,706.0157473754883,694.5236297607422,699.5202026367188,1421326.0,[],[],[]
2026-03-12,695.0232261432188,701.5187703127816,691.0259681927187,693.0245971679688,2171112.0,[],[],[]
2026-03-13,689.0273953339815,703.5174565846598,684.5304797734261,690.5263671875,2420949.0,[],[],[]
2026-03-16,697.0219310494357,699.0205602424089,665.5435212601063,687.5284423828125,3983419.0,['engulfing'],[],[]
2026-03-17,686.5290762933346,699.0205078125,686.029419032568,699.0205078125,3204218.0,[],[],[]
2026-03-18,703.0177611429003,708.014333716766,696.522216796875,696.522216796875,2696283.0,[],[],[]
2026-03-19,695.5229067595109,698.0481521090579,666.0431283839282,666.5427856445312,3847312.0,[],[],[]
2026-03-20,671.5394106401058,682.8096958158532,653.0520905555195,661.5462646484375,8915668.0,[],[],[]
2026-03-23,649.5544386930786,673.0383299381361,633.0657490954851,653.5516967773438,4380889.0,['RSI_OVERSOLD'],['RSI_OVERSOLD'],[]
2026-03-24,655.5503445817491,662.0458891545865,646.9472368406252,657.04931640625,4393116.0,[],[],[]
2026-03-25,662.5455552672211,680.5332174011727,662.5455552672211,675.0369873046875,2509089.0,[],[],[]
2026-03-26,673.5380061958193,677.5352643928272,665.5434898018037,670.0404052734375,2438429.0,[],[],[]
2026-03-27,675.0369399299996,678.0348834085931,658.9229937325588,663.045166015625,2371253.0,[],[],[]
2026-03-30,661.0465696432398,677.0356023179063,660.0472551010731,674.0376586914062,2239430.0,[],[],[]
2026-03-31,674.5373112362979,681.5325129824521,672.0390248983857,678.034912109375,2671033.0,[],[],[]
2026-04-01,692.0253292437905,706.0157330118959,692.0253292437905,705.0164184570312,3494726.0,[],[],[]
2026-04-02,696.0225874632491,708.0143621216254,693.0246437986551,705.0164184570312,2568966.0,[],[],[]
2026-04-07,706.1155987839322,714.7097400492667,701.1190263017552,707.7145385742188,4650000.0,[],[],[]
2026-04-08,768.0731318580015,777.8664631550016,731.4982440526944,732.49755859375,6302175.0,[],[],[]
2026-04-09,704.7864326117196,711.3844088507797,697.7885531389792,707.1857299804688,3102035.0,[],[],[]
2026-04-10,704.9863941226191,713.815688970863,698.7223009959362,702.7870483398438,5974747.0,[],[],[]
2026-04-13,695.989122627234,702.1872567562041,692.7681137522061,701.787353515625,1848246.0,[],[],[]
2026-04-14,703.3868181475107,713.583740234375,702.7870243257338,713.583740234375,2298283.0,[],[],[]
2026-04-15,717.3826036315273,728.7791748046875,712.4051079413405,728.7791748046875,3178543.0,[],[],[]
2026-04-16,727.9794590370756,753.7716326732232,722.980973409269,742.3750610351562,3873990.0,[],[],[]
2026-04-17,742.7749216344151,766.3677480360556,742.375018400489,761.3692626953125,3774889.0,[],[],[]
2026-04-20,759.7697722556666,761.1693725585938,747.1885626793539,761.1693725585938,3079842.0,[],[],[]
2026-04-21,762.3689871084114,783.9624811649453,760.9694477728042,776.1648559570312,4101411.0,[],[],[]
2026-04-22,776.5647027623378,782.1630431877459,773.7655630579684,774.1654663085938,3813577.0,[],[],[]
2026-04-23,773.365655703224,779.9636932035114,765.1681882589311,775.9649047851562,1446182.0,[],[],[]
2026-04-24,768.7670875450233,777.764361651532,766.7676932991325,769.7667846679688,2361880.0,[],[],[]
2026-04-27,767.3674347743807,773.7655203310716,763.3686465556156,765.9678955078125,2176378.0,[],[],[]
2026-04-28,764.968201126689,772.7658259772007,761.7691583371629,764.7682495117188,1515793.0,[],[],[]
2026-04-29,762.5689453058825,766.1678915213289,743.7746517918944,746.5737915039062,2317480.0,[],[],[]
2026-04-30,744.3744249205898,756.5707415582405,736.7767514829283,755.77099609375,2553081.0,[],[],[]
2026-05-01,762.3689575195312,770.7664372739293,753.7715871654251,762.3689575195312,1313467.0,[],[],[]
2026-05-05,760.7695135073792,760.7695135073792,739.3759705868373,741.9752197265625,2220732.0,[],[],[]
2026-05-06,754.3713854445009,765.568004844141,742.5749722088682,760.3695678710938,2383227.0,[],[],[]
2026-05-07,761.3692506707457,769.788696316922,755.171177759446,766.7676391601562,2445145.0,[],[],[]
2026-05-08,761.1693725585938,767.3674455715565,748.9730561164195,761.1693725585938,1636068.0,[],[],[]
2026-05-11,760.7694950366067,768.4671749295355,756.7707066264275,763.2687377929688,1760486.0,[],[],[]
2026-05-12,751.7722398290094,763.2687567944797,739.1760804300319,741.7752685546875,4430070.0,[],[],[]
2026-05-13,743.774619826505,751.7721963837793,738.276285943379,747.2735595703125,1787673.0,[],[],[]
2026-05-14,752.2720651857063,768.7670672794793,748.7731253476333,765.2681274414062,2398937.0,[],[],[]
2026-05-15,776.2647772544263,779.7217375433052,759.7697755484405,773.2656860351562,4892582.0,[],[],[]
2026-05-18,772.7658777986472,786.9815416313398,764.2684522342378,782.2630004882812,1796277.0,[],[],[]
2026-05-19,789.7607154107864,790.5114645085797,771.7661674647178,774.7652587890625,2686068.0,[],[],[]
2026-05-20,774.765256237878,791.7601070198701,769.7667707137626,789.2608642578125,2834673.0,[],[],[]
2026-05-21,785.7619381182195,793.2596665353782,783.2626953125,783.2626953125,3130901.0,[],[],[]
2026-05-22,788.7610179874515,795.2590491876016,784.7622295565899,788.2611694335938,2601943.0,[],[],[]
2026-05-26,794.2593338577835,801.7570619936342,789.7606969762732,796.2587280273438,2335313.0,[],[],[]
2026-05-27,798.7579864843993,804.756169111316,795.7588951709411,802.7567749023438,1732066.0,[],[],[]
2026-05-28,796.2587486049107,801.2572341579861,786.0998392583075,787.261474609375,1930373.0,[],[],[]
2026-05-29,786.7616217701706,788.761015980514,773.2657108503519,775.7649536132812,8176194.0,[],[],[]
2026-06-01,775.7649655785891,778.2642083800665,752.2720832447014,757.2705688476562,3140062.0,[],[],[]
2026-06-02,760.7694905067409,770.2666129243678,758.7700963135563,765.2681274414062,1923732.0,[],[],[]
2026-06-03,763.7685520885312,766.2677947328,746.27385357865,751.2723388671875,1933526.0,[],[],[]
2026-06-04,752.2720809664943,761.2693550245654,751.7722324077126,758.270263671875,1786412.0,[],[],[]
2026-06-05,760.2696261801739,762.7688688697865,754.513374810658,758.7700805664062,2205675.0,[],[],[]
2026-06-08,758.7700693819536,763.7685546875,753.7715840764071,763.7685546875,1162190.0,[],[],[]
2026-06-09,770.7664637643578,777.2644949115281,763.2687355176229,764.2684326171875,3212075.0,[],[],[]
2026-06-10,768.7670514449333,776.764628052943,759.2699292229217,772.2659912109375,1929220.0,[],[],[]
2026-06-11,772.7658732640963,792.7598156512657,768.2672362269832,784.2623901367188,2150136.0,[],[],[]
2026-06-12,794.7591642242317,795.2590127551903,788.760981852728,790.7603759765625,1410972.0,[],[],[]
2026-06-15,797.7583076908903,803.2566418917675,790.760427798865,794.7592163085938,1804558.0,[],[],[]
2026-06-16,794.2593654460045,799.257851068698,791.7601226346577,795.7589111328125,1568183.0,[],[],[]
2026-06-17,796.2587596950818,800.2575481932367,791.7601226346577,795.7589111328125,1616306.0,[],[],[]
2026-06-18,795.758912869125,808.255126953125,790.760427235525,808.255126953125,2912314.0,[],[],[]
2026-06-19,807.7552535669976,809.754647758995,799.257828251008,805.755859375,4421343.0,[],[],[]
2026-06-22,809.7546342356432,830.24842436136,807.7552400770367,825.2499389648438,3026184.0,[],[],[]
2026-06-23,816.2526787320894,823.750406950694,808.2551019655779,819.2517700195312,1845955.0,[],[],[]
2026-06-24,815.7528144850272,831.2481191719364,815.7528144850272,826.2496337890625,5584593.0,[],[],[]
2026-06-25,824.2502576021047,837.2463198808523,824.2502576021047,831.7479858398438,1672917.0,[],[],[]
2026-06-26,835.2469459437925,841.7449772407819,829.7486117694168,836.2466430664062,3209167.0,[],[],[]
2026-06-29,834.7470657913773,837.2463085033276,823.2505493164062,823.2505493164062,1046123.0,[],[],[]
2026-06-30,827.749195185887,837.2463175944206,823.2505582555289,832.7476806640625,1761819.0,[],[],[]
2026-07-01,832.7476783953697,836.746466767016,824.250253105621,833.7473754882812,1984687.0,[],[],[]
2026-07-02,832.7476782874724,851.2420745039408,832.7476782874724,847.2432861328125,1690011.0,[],[],[]
2026-07-03,850.7422056715877,856.2405395507812,843.7443261889777,856.2405395507812,1156598.0,[],[],['hanging_man']
2026-07-06,856.2405395507812,859.2396307576141,850.2423571371155,856.2405395507812,1279580.0,[],[],[]
2026-07-07,852.7416133174189,864.7379783347801,849.7425220630787,863.73828125,1737821.0,[],[],[]
2026-07-08,859.7394883499817,863.7382766678886,845.7437292373075,852.2417602539062,1810804.0,[],[],[]
2026-07-09,856.240541973926,871.2359980505272,855.7406934380393,868.7367553710938,1764152.0,[],[],[]
2026-07-10,869.7364841388709,878.2339095586185,864.2381500437401,868.2369384765625,1893828.0,[],[],[]
2026-07-13,870.736142779709,879.2335678240574,865.737657459504,871.73583984375,2010804.0,[],[],[]
2026-07-14,867.2371989505392,887.7309886663733,863.2384107133033,887.2311401367188,2145485.0,[],[],[]
2026-07-15,883.2323967308356,894.2290649414062,871.735879965239,894.2290649414062,1902059.0,[],[],[]
2026-07-16,892.2296279907226,899.7273559570312,889.2305368041992,899.7273559570312,1966734.0,[],[],[]
2026-07-17,896.2284387484003,910.2241979703497,894.2290445738361,903.226318359375,2213412.0,[],[],[]
2026-07-20,898.7276656236936,906.7252421809678,894.2290288102269,896.728271484375,1633296.0,[],[],[]
2026-07-21,894.2290221150716,902.7264471435547,887.2311426798502,899.7273559570312,2173260.0,[],[],[]
2026-07-22,901.7267481750188,920.2211437861472,894.2290202245613,914.2229614257812,2917366.0,[],[],[]
2026-07-23,909.7243743963852,916.7222541994344,901.7267974786148,905.7255859375,1435618.0,[],[],[]
2026-07-24,901.2269552827076,917.7219577920417,900.7271067218187,916.222412109375,1572743.0,[],[],[]
2026-07-27,914.7228439013511,920.7210264843108,907.7249642212315,912.7234497070312,1913954.0,[],[],[]
2026-07-28,917.7219554932306,920.2211982914148,908.4747571399491,917.2221069335938,1464660.0,[],[],[]
2026-07-29,921.7207421065694,921.7207421065694,901.2269512028985,904.7258911132812,1531227.0,[],[],[]
2026-07-30,900.7270954895848,931.7177058782387,897.7280041616506,921.2208862304688,2111664.0,[],[],[]
2026-07-31,920.72100380415,931.717671602028,920.2211552678828,922.7203979492188,1915465.0,[],[],[]
2026-08-03,929.718272936022,929.718272936022,918.7216051916174,924.7197875976562,2034295.0,[],[],[]
2026-08-04,924.7198261130587,929.2184631049602,917.7219463478789,921.2208862304688,1139774.0,[],[],[]
2026-08-05,929.218415423538,936.7161433586391,919.2214448434031,928.7185668945312,1434352.0,[],[],[]
2026-08-06,930.2181621608693,940.7149818306051,927.219070826659,933.7171020507812,1225558.0,[],[],[]
2026-08-07,935.2166003502244,948.212662140233,927.2190238640654,941.2147827148438,1504206.0,[],[],[]
2026-08-10,936.2163176262986,939.7152574145442,930.2181351321632,932.217529296875,1575865.0,[],[],[]
2026-08-11,927.7188690929878,928.893500931879,899.7223481244248,901.7267456054688,1904234.0,[],[],[]
2026-08-12,906.2254163212015,913.72314453125,902.2266279425089,913.72314453125,1213384.0,[],[],[]
2026-08-13,916.2224029590745,927.718919744704,913.7231601795899,920.22119140625,2034340.0,[],[],[]
2026-08-14,920.2211463376799,931.2178140288418,915.2226610235155,926.7191772460938,1234238.0,[],[],[]
2026-08-17,926.7192067620008,929.7182980460202,913.72314453125,913.72314453125,1310993.0,[],[],[]
2026-08-18,907.7249619632112,922.7204183833082,907.7249619632112,913.72314453125,1288486.0,[],[],[]
2026-08-19,912.7234703671614,921.2208958853662,897.7280135703297,903.7261962890624,1602603.0,[],[],[]
2026-08-20,905.2256967794889,913.7231218734985,897.7279687553628,910.2241821289062,1351235.0,[],[],[]
2026-08-21,911.7237659560021,924.2199798534255,911.7237659560021,920.22119140625,2529796.0,[],[],[]
2026-08-24,920.72102180937,928.21875,916.2223848949919,928.21875,1179210.0,[],[],[]
2026-08-25,929.718306794874,942.7143691479207,929.718306794874,936.7161865234376,1677103.0,[],[],[]
2026-08-26,938.7155535324317,946.2132815957898,935.2166137695312,935.2166137695312,1010170.0,[],[],[]
2026-08-27,933.7170817276174,939.7152642654821,924.2199593759981,929.2184448242188,962847.0,[],[],[]
2026-08-28,937.715876802485,941.7146651897025,931.7176942216589,939.7152709960938,2816989.0,[],[],[]
2026-09-01,920.2211597620728,929.7182819975316,904.2260065234057,920.7210083007812,2613823.0,[],[],[]
2026-09-02,919.2214923472133,923.2202807859179,906.7252784762615,907.7249755859376,2032545.0,[],[],[]
2026-09-03,907.7249374472128,927.2190302668391,901.2269065073374,924.7197875976562,1703636.0,[],[],[]
2026-09-04,919.7213157674263,932.217529296875,917.7219216027145,932.217529296875,1740699.0,[],[],[]
2026-09-07,929.7183043118596,959.7092173541777,922.7204246019854,951.2117919921876,2242468.0,[],[],[]
2026-09-08,948.7125154477228,956.2102434412507,930.2181197303541,952.7113037109376,1810718.0,[],[],[]
2026-09-09,951.7116339917453,954.2108767280682,924.7198124394585,927.2190551757812,2047933.0,[],[],[]
2026-09-10,926.7192136929928,930.7180021015924,910.7240600585938,910.7240600585938,2449329.0,[],[],[]
2026-09-11,911.7237458208243,929.718293435709,909.2245030965348,915.7225341796876,1755201.0,[],[],[]
2026-09-14,913.2233116236929,928.2187683006009,913.2233116236929,920.22119140625,1565913.0,[],[],[]
2026-09-15,914.2230173746744,933.7171112388693,913.2233202534337,929.7183227539062,1990449.0,[],[],[]
2026-09-16,926.719202035558,946.2132952822608,926.719202035558,942.71435546875,1741035.0,[],[],[]
2026-09-17,944.2139122823133,955.21058039783,941.7146695287869,951.2117919921876,2409144.0,[],[],[]
2026-09-18,947.7128363715277,952.2114732530382,924.2199548791956,931.2178344726562,6777078.0,[],[],[]
2026-09-21,936.2163467366923,950.2121063248543,932.7174068396519,946.2133178710938,1752421.0,[],[],[]
2026-09-22,948.7125587218324,951.0318633422885,931.2178592722727,933.7171020507812,2402378.0,[],[],[]
2026-09-23,941.7146354658814,945.7134237268831,925.719482421875,925.719482421875,2801381.0,[],[],[]
2026-09-24,900.0,900.0,879.5,887.0,2461066.0,[],[],[]
2026-09-25,895.0,903.5,889.9990234375,894.0,2703250.0,[],[],[]
