Date,Open,High,Low,Close,Volume,signal,bull_patterns,bear_patterns
2017-03-05,45.70642596561586,47.30850755276392,45.56366749832759,46.30918884277344,1810500.0,[],[],[]
2017-03-12,45.944367144330535,46.59470788184018,45.49229956081249,46.49160385131836,1314500.0,[],[],[]
2017-03-19,46.86436081145065,48.05402479919976,45.928502489319634,47.72092056274414,1658100.0,[],[],[]
2017-03-26,47.72884773805617,47.82401906938906,45.75401368812546,46.2060775756836,1452300.0,[],[],[]
2017-04-02,45.3971342445105,47.792293780052226,45.32575498369199,47.51470947265625,1469300.0,[],[],[]
2017-04-09,47.7447138458998,47.79229800254777,46.14265190822812,46.451942443847656,1447200.0,[],[],[]
2017-04-16,46.61850114396427,47.157811887470636,45.12748559784086,45.18300247192383,795700.0,[],[],[]
2017-04-23,45.428859940702885,47.19747184090975,45.111612695545716,46.82471466064453,1408700.0,[],[],[]
2017-04-30,47.5305643449755,48.64884230808464,47.34815139677075,47.73677444458008,989400.0,[],[],[]
2017-05-07,47.84781284362108,48.64884094081599,42.652996831109775,42.803688049316406,2639600.0,[],[],[]
2017-05-14,42.407145767482035,42.69266284268364,40.08335291868337,41.13024139404297,3015900.0,[],[],[]
2017-05-21,41.39988627418477,41.725057668958875,39.82162151092565,40.79714584350586,2122300.0,[],[],[]
2017-05-28,41.18575413232138,42.821691704423344,40.45610095254226,42.07954025268555,2146700.0,[],[],[]
2017-06-04,42.01569000704225,42.92543499902448,41.49699034771298,42.39874267578125,1451000.0,[],[],[]
2017-06-11,42.438652003933356,42.73392492068501,41.19373259376707,42.71796417236328,2183100.0,[],[],[]
2017-06-18,42.71794866772744,43.364345041239346,42.38278641804493,43.1329231262207,2368900.0,[],[],[]
2017-06-25,43.35636562989111,43.835175722743,41.552836366035244,41.7922477722168,3093500.0,[],[],[]
2017-07-02,42.015688633457216,42.98128821079032,41.536875554335786,42.63814926147461,1546100.0,[],[],[]
2017-07-09,42.94138996174979,43.17281308527162,42.1433808278584,42.98129653930664,1027800.0,[],[],[]
2017-07-16,42.542386697233866,43.45213316061492,42.183292802491614,42.94139099121094,1358200.0,[],[],[]
2017-07-23,43.05312385732693,43.89901820426486,42.79774755832135,43.61971664428711,1019000.0,[],[],[]
2017-07-30,43.65163466891065,44.4895529107323,43.10099796020711,43.46809005737305,1508400.0,[],[],[]
2017-08-06,43.57183527989267,44.20226492799208,41.11393133798778,42.03165435791016,2078100.0,[],[],[]
2017-08-13,41.99175514438907,42.29500928568974,40.34784723123526,41.16182708740234,1219100.0,[],[],[]
2017-08-20,41.30545684911108,43.03716595841943,40.659065698607726,41.22565841674805,2012300.0,[],[],[]
2017-08-27,41.36930346847702,42.151963012673285,41.161819876016715,42.015472412109375,2319500.0,[],[],[]
2017-09-03,42.28043164415089,43.09135940507002,41.24471088257724,42.89866638183594,1185300.0,[],[],[]
2017-09-10,42.93078498068432,43.099392149859874,41.854906168150805,42.079715728759766,1191100.0,[],[],[]
2017-09-17,42.39285234741619,43.13151441239987,42.232268558543105,42.79429626464844,1483100.0,[],[],[]
2017-09-24,43.115452404305536,44.8737857638474,42.93880490704478,44.8015251159668,1685600.0,[],[],[]
2017-10-01,44.81758532831948,45.32341350750337,44.35190345116318,44.8015251159668,1560400.0,[],[],[]
2017-10-08,44.600798672544826,46.55986958689796,44.56065455127487,46.05403137207031,1305600.0,[],[],[]
2017-10-15,46.05404326872438,47.467135411548426,45.869377844086515,47.15400695800781,1159700.0,[],[],[]
2017-10-22,47.362763397163285,47.53136774092864,46.56789436415859,47.02554321289063,1060400.0,[],[],[]
2017-10-29,47.20218623367974,48.221854580806074,46.81679709552893,48.189735412597656,1391800.0,[],[],[]
2017-11-05,48.20579892800737,51.553862379681036,48.133538281888356,51.37724304199219,2951700.0,[],[],[]
2017-11-12,51.7706510216236,51.915172307260896,49.41015237602636,49.9721794128418,1777200.0,[],[],[]
2017-11-19,49.69116072065763,49.77145204163214,47.78828811645508,48.60724258422852,2049200.0,[],[],[]
2017-11-26,48.623310223726264,49.58505624450267,48.32623694230748,49.54470443725586,1019300.0,[],[],[]
2017-12-03,49.544711293136245,50.432472082203574,48.09203130481377,48.83451461791992,1591900.0,[],[],[]
2017-12-10,49.423669167131145,49.47209012411188,47.15585436853947,47.18813705444336,1306300.0,[],[],[]
2017-12-17,47.5916552319339,47.66428972649247,45.17858645987872,46.48599624633789,1745000.0,[],[],[]
2017-12-24,46.92987053297647,51.078108210728765,46.82495336813201,50.287200927734375,3789600.0,[],[],[]
2017-12-31,50.27913023378779,50.59388410938758,49.62543114909342,49.70613479614258,1063500.0,[],[],[]
2018-01-07,50.06123512189976,52.89397420994177,49.827193314145134,52.813270568847656,918700.0,[],[],[]
2018-01-14,52.829393187913524,54.43542872610328,52.272544943912926,54.26594924926758,2784500.0,[],[],[]
2018-01-21,54.879301544075005,54.94386690599454,53.34592587530537,54.54035186767579,1816100.0,[],[],['hanging_man']
2018-01-28,54.45158249796856,55.38774930744298,54.10454276715569,55.26669692993164,1715200.0,[],[],[]
2018-02-04,55.24248180870997,55.24248180870997,52.603427588131424,52.8616828918457,2156200.0,[],[],[]
2018-02-11,52.53079291550348,54.806686624028906,48.51976261816136,50.15807342529297,4021700.0,[],[],[]
2018-02-18,50.5938813486734,52.611510368587105,50.20649834629165,51.570411682128906,2272400.0,[],[],[]
2018-02-25,51.36865112927707,52.57319376096278,51.255661724899895,52.3785400390625,1510100.0,[],[],[]
2018-03-04,52.66241683611256,52.66241683611256,47.72303458223943,48.76119613647461,3690500.0,[],[],[]
2018-03-11,48.4448771241062,50.37522372093892,48.250223397177216,50.31033706665039,2603500.0,[],[],[]
2018-03-18,50.4319923836556,51.05650994805644,48.42056036225148,48.46111297607422,2966600.0,[],[],[]
2018-03-25,48.339442488374495,48.68009118389602,45.022188398443156,45.09518432617188,2064900.0,[],[],[]
2018-04-01,45.75214898549301,45.930584168152585,44.17867725023886,45.19252014160156,1852100.0,[],[],[]
2018-04-08,45.05462336297931,45.525062602605495,43.132401747978946,43.91102600097656,2452800.0,[],[],[]
2018-04-15,44.27601170984509,45.176294723816504,43.77315258012369,44.55177688598633,1579100.0,[],[],[]
2018-04-22,44.84375493188248,46.4009969835159,44.55177122997229,46.10090637207031,1568300.0,[],[],[]
2018-04-29,46.076575898408414,46.303672970998875,44.203019288209106,45.58994674682617,1395800.0,[],[],[]
2018-05-06,45.61426230848766,45.87381411915487,44.146237898392336,45.67915725708008,2012700.0,[],[],[]
2018-05-13,45.565601378079705,50.43199442238149,45.10329488575321,49.880470275878906,3985800.0,[],[],[]
2018-05-20,50.067010327511646,50.57798181977753,49.012633605396374,49.12616729736328,3002500.0,[],[],[]
2018-05-27,49.53981276526162,49.53981276526162,47.19210402109833,47.94247817993164,3079200.0,[],[],[]
2018-06-03,47.64884707726425,50.63404315061764,47.64884707726425,50.25069808959961,2356600.0,[],[],[]
2018-06-10,50.91134059298899,52.44474511604434,50.64218580448177,52.2816162109375,3316700.0,[],[],[]
2018-06-17,52.28160198680009,52.82807664251297,51.80854678269869,52.07769775390625,2326500.0,[],[],[]
2018-06-24,51.6862138282618,51.96352676631611,49.32904040237057,50.935821533203125,2541000.0,[],[],[]
2018-07-01,50.69114382345558,51.24575767476996,49.174073176395225,50.38120651245117,1644500.0,[],[],[]
2018-07-08,49.89998118100394,50.87872681615268,49.59003733464646,50.24253845214844,770400.0,[],[],[]
2018-07-15,50.560632840513996,51.857492868582355,50.495381298378135,51.302852630615234,1379700.0,[],[],[]
2018-07-22,51.653569720470784,54.64692278805881,50.88687968035174,53.56212615966797,2186900.0,[],[],[]
2018-07-29,53.64369653915047,53.76603843676395,52.208195968718094,53.48872756958008,1217100.0,[],[],[]
2018-08-05,53.537667482156465,54.720330663800155,52.705739119138556,54.50011444091797,1123500.0,[],[],[]
2018-08-12,54.21464344412312,55.299428344010764,52.04508023222057,52.632320404052734,1888500.0,[],[],[]
2018-08-19,52.64048324276953,52.877008586337325,51.18867362297947,52.5915412902832,1674900.0,[],[],[]
2018-08-26,52.74650798159952,53.855764819414325,52.74650798159952,53.407169342041016,1380400.0,[],[],[]
2018-09-02,53.70078871507233,54.663227211374284,52.97488917862455,53.21825408935547,1367000.0,[],[],[]
2018-09-09,53.11169157513886,53.5379595321753,51.75910442797078,52.21816635131836,1508800.0,[],[],[]
2018-09-16,52.439491982296715,52.66902134702712,50.750805568002164,51.61154174804688,1878200.0,[],[],[]
2018-09-23,51.30823316909867,54.103581483184904,51.054110606852355,53.84946060180664,2099500.0,[],[],[]
2018-09-30,53.956033175182185,54.013416337338846,51.30004167575579,51.4148063659668,2496500.0,[],[],[]
2018-10-07,51.8902585101562,53.30021996729206,51.14428492570834,52.26734161376953,2503300.0,[],[],[]
2018-10-14,52.68541022011232,53.308422922879956,43.5451883940341,43.78291702270508,3278100.0,['engulfing'],[],[]
2018-10-21,43.815706165100664,45.365028043804095,42.0450508672356,42.26638412475586,1948500.0,[],[],[]
2018-10-28,42.94677391227797,42.94677391227797,38.44634015059875,39.51201629638672,2104200.0,[],[],[]
2018-11-04,40.20880492208216,44.0534307135732,38.78243925934252,42.76641845703125,2161200.0,[],[],[]
2018-11-11,43.16808924005977,43.41401392435344,38.22500900741808,40.98756408691406,2900500.0,[],[],[]
2018-11-18,41.22529587697517,41.446633894754285,39.380845138143286,40.45472717285156,2170600.0,[],[],[]
2018-11-25,40.184203375320976,40.45471963968096,37.61018673227646,38.78243255615234,1082600.0,[],[],[]
2018-12-02,39.0447594531131,40.725361913922924,37.85611816894861,40.609806060791016,2180100.0,[],[],[]
2018-12-09,41.625042417879854,42.01298254538001,37.4485070298584,37.65485763549805,2367000.0,['engulfing'],[],[]
2018-12-16,37.663112214109525,38.71962918144109,35.467551011523945,36.127872467041016,2384400.0,[],[],[]
2018-12-23,36.045322423558794,36.68913845677595,33.519591791364086,33.816749572753906,3870700.0,['RSI_OVERSOLD'],['RSI_OVERSOLD'],[]
2018-12-30,33.41229176473213,35.70691736243487,32.66117207975499,35.079612731933594,1369400.0,[],[],[]
2019-01-06,35.31071147644797,36.72215408875477,34.50181857538195,36.49103927612305,1460900.0,[],[],[]
2019-01-13,36.49103740096677,37.918985690490814,36.00404988500859,37.34946823120117,1891700.0,[],[],[]
2019-01-20,37.01930254989496,39.611062989889525,36.689134614160444,39.32217025756836,1765600.0,[],[],[]
2019-01-27,38.64533645113069,39.1901018575208,37.08533704039863,38.72787094116211,1018800.0,[],[],[]
2019-02-03,38.339939762254566,39.7101025818744,38.00977756300562,39.65232467651367,1425700.0,[],[],[]
2019-02-10,39.48724152076596,40.07327632926665,34.73293321543306,35.302459716796875,3840800.0,[],[],[]
2019-02-17,35.3849977389297,38.48027078681042,35.120869239747684,38.39773178100586,2647200.0,[],[],[]
2019-02-24,38.141845056876015,40.0370692106409,37.97676394321166,39.62150192260742,1616000.0,[],[],[]
2019-03-03,39.58826312937355,40.14514037509256,38.416333817963285,39.3887825012207,2111000.0,[],[],[]
2019-03-10,39.513458251953125,39.6880015817272,36.005954642179866,36.33842086791992,2619500.0,[],[],[]
2019-03-17,36.62101937073536,37.64332489179857,35.565427712389706,36.03919219970703,2477300.0,[],[],[]
2019-03-24,36.43815962027739,36.43815962027739,33.86986325166321,33.90311050415039,1364500.0,[],[],[]
2019-03-31,33.803371119765664,34.85894612860802,33.36285609059915,34.601287841796875,1586300.0,[],[],[]
2019-04-07,35.10829717157728,37.69320196182161,35.025179038666245,37.65995788574219,1725400.0,[],[],[]
2019-04-14,37.54359995930225,38.22516191940417,36.92853611654062,38.00074768066406,1266900.0,[],[],[]
2019-04-21,38.0838515027171,40.228252273590364,37.834503478464875,39.93734359741211,1238500.0,[],[],[]
2019-04-28,39.7711164139114,40.14514009834043,37.44385690219992,38.20021438598633,1561500.0,[],[],[]
2019-05-05,38.08385450842149,39.114497997819505,36.521272541413275,38.98982238769531,1623600.0,[],[],[]
2019-05-12,38.13371069377885,40.05371854588823,37.585143940221336,38.66567993164063,2923800.0,[],[],[]
2019-05-19,37.635029047484124,37.90931413653639,35.52388182820348,35.57374954223633,1624700.0,[],[],[]
2019-05-26,35.1664722377386,36.488034827134946,34.00283980903962,34.31037902832031,1428700.0,[],[],[]
2019-06-02,34.45998132021712,34.98034464180254,33.47986602783203,33.47986602783203,1320200.0,[],[],[]
2019-06-09,33.58884278128095,37.98967661050459,33.412810181173995,37.721435546875,2138500.0,[],[],[]
2019-06-16,38.00644073640643,39.92603828865066,37.796877212980654,38.11541366577149,2121700.0,[],[],[]
2019-06-23,38.056732941353445,39.33926611612408,37.537013158169565,38.26629638671875,1821300.0,[],[],[]
2019-06-30,38.97043324794772,40.10207695755892,37.79687257018821,39.99310302734375,1714700.0,[],[],[]
2019-07-07,40.44575869014225,41.1331267685433,39.43147768203404,39.90089797973633,1194600.0,[],[],[]
2019-07-14,39.86737530932345,39.959580595457766,36.8747986934843,38.27468490600586,1254300.0,[],[],[]
2019-07-21,38.42556355079035,39.188379976627566,37.21010641274694,37.78010940551758,1267600.0,[],[],[]
2019-07-28,38.01481837568807,39.54044352095464,37.12627799872447,38.51778411865234,1181600.0,[],[],[]
2019-08-04,38.568068867954814,38.69381355928057,34.058260196856644,34.68695068359375,2337000.0,[],[],[]
2019-08-11,33.11103833606614,33.94090939411303,31.107609825788952,32.02968978881836,3386300.0,[],[],[]
2019-08-18,32.163804293797405,33.68105799432276,31.359083759201432,32.13866424560547,1890300.0,[],[],[]
2019-08-25,32.82602207437769,33.03559343664228,31.669236011148865,31.76982879638672,1722200.0,[],[],[]
2019-09-01,32.289541586413556,34.10463676579311,31.53511811625585,33.83396530151367,1370700.0,[],[],[]
2019-09-08,33.26724312194756,35.87246158122641,32.61593899685573,35.6609992980957,1255300.0,[],[],[]
2019-09-15,35.863990140357934,40.63458647912868,35.508731969173795,39.94944763183594,1786700.0,[],[],[]
2019-09-22,39.83949148270891,40.17783241475967,38.02936432949943,38.30850601196289,1907700.0,[],[],[]
2019-09-29,37.86864950765227,38.841386966786054,37.41189027957141,37.750244140625,1333500.0,[],[],[]
2019-10-06,37.85174387725092,39.17126877344519,35.68635727683731,36.9720458984375,1180800.0,[],[],[]
2019-10-13,36.77750770305367,38.003993049906995,35.644073320698254,37.63182067871094,1017500.0,[],[],[]
2019-10-20,37.25119416276876,37.6910369288846,35.948575411228774,37.02280426025391,1228000.0,[],[],[]
2019-10-27,37.597977840781994,38.714506745905354,36.39687730693854,38.59608840942383,1003500.0,[],[],[]
2019-11-03,38.87521409655736,39.433474233261954,36.61680941477917,38.84984970092773,1465100.0,[],[],[]
2019-11-10,39.348890162314575,42.78303746256948,38.62145933757898,42.48698806762695,2250100.0,[],[],[]
2019-11-17,42.2332403039861,42.45315962152727,40.62611852476792,40.64303588867188,1416800.0,[],[],[]
2019-11-24,40.524621209656736,41.09979938141437,39.805649850482766,39.94944763183594,1368900.0,[],[],[]
2019-12-01,40.177831846447155,40.74761727731672,39.9125540328115,40.04037094116211,761700.0,[],[],[]
2019-12-08,40.244875841928845,41.020290434989,38.64291790875675,40.69648361206055,1277900.0,[],[],[]
2019-12-15,40.69647884001129,41.54006408787983,39.85290617567321,40.44084930419922,1583000.0,[],[],[]
2019-12-22,40.71351598276859,41.2418226461682,39.708040101235184,40.6794319152832,2393900.0,[],[],[]
2019-12-29,40.65387481560416,40.96915558755184,39.98924816461728,40.03185272216797,489600.0,[],[],[]
2020-01-05,40.23635789252061,41.054364150747716,39.1286052665112,39.46944808959961,826000.0,[],[],[]
2020-01-12,39.35868154896928,39.78473876697866,38.14016739671048,38.1998176574707,1208600.0,[],[],[]
2020-01-19,38.25946872420899,39.44388744067564,37.944190711896354,38.174259185791016,869300.0,[],[],[]
2020-01-26,37.97827250482826,38.199821350446605,35.85653816975814,36.768287658691406,1138400.0,[],[],[]
2020-02-02,35.78836022233127,35.958781635398374,33.64106324138804,33.95634078979492,1773500.0,[],[],[]
2020-02-09,34.25457804430146,37.96123507193284,33.905215569057994,35.69464111328125,2532500.0,[],[],[]
2020-02-16,35.60090214709805,37.46701437079133,35.583859677961,37.02391052246094,1707500.0,[],[],[]
2020-02-23,36.83644973787744,37.00687733648566,35.72871536215825,36.61490249633789,971300.0,[],[],[]
2020-03-01,34.94477899775998,35.498647824867895,30.42086878547506,32.140533447265625,2744700.0,[],[],[]
2020-03-08,32.321098351007976,33.98917272555954,29.655611740202517,30.352073669433597,1903900.0,[],[],[]
2020-03-15,28.228295416828683,34.90059248770877,22.200873063595203,27.74678611755371,3378900.0,['RSI_OVERSOLD'],['RSI_OVERSOLD'],[]
2020-03-22,22.355639745668356,25.468233385703698,17.19664447790448,18.125263214111328,3425700.0,[],[],[]
2020-03-29,18.168254110951136,23.482015180202882,17.2052429416815,21.53019905090332,2491100.0,[],[],[]
2020-04-05,21.65917313346983,24.126895162263327,20.782143913837526,22.3298454284668,2260300.0,[],[],[]
2020-04-12,23.370239674600604,27.093315625258196,23.31865020132328,26.33666229248047,1613100.0,[],[],[]
2020-04-19,26.310869779921504,27.334064067176975,23.851748862761813,25.63159942626953,1804800.0,[],[],[]
2020-04-26,24.94373229412596,26.42264821666336,23.8775400725825,26.027122497558597,1570800.0,[],[],[]
2020-05-03,26.328064163038107,30.403664694381952,26.233482090930572,27.37705612182617,1902200.0,[],[],[]
2020-05-10,26.482831385903253,28.16810232725791,26.35385688253031,27.93595314025879,1460700.0,[],[],[]
2020-05-17,27.30826961458539,27.849964472407013,23.17247772451253,25.0211181640625,3409300.0,[],[],[]
2020-05-24,26.242080343597724,30.119918734862022,26.17329383003652,29.457847595214844,2309700.0,[],[],[]
2020-05-31,30.63583180183603,32.965979468729124,30.63583180183603,31.000864028930664,1989400.0,[],[],[]
2020-06-07,31.165760130988083,37.89187347856154,31.10500842652125,35.74819564819336,1920500.0,[],[],[]
2020-06-14,36.572684589899204,37.37114075641986,30.410695225621296,31.374048233032223,2218200.0,[],[],[]
2020-06-21,30.211083157629112,34.021104686738916,30.211083157629112,32.2506103515625,2275300.0,[],[],[]
2020-06-28,31.912146925677753,32.49363538896551,30.37597673653115,30.60163116455078,2173400.0,[],[],[]
2020-07-05,31.078979011090226,33.17925386857619,30.974830373858453,32.11175537109375,1128900.0,[],[],[]
2020-07-12,33.07511429040979,33.222653224468466,30.55824575709208,31.72121238708496,1430800.0,[],[],[]
2020-07-19,32.09439351284042,34.29015259590001,31.66913162925632,33.35283279418945,917800.0,[],[],[]
2020-07-26,33.075110534930836,33.81281686870856,32.3894803280222,33.19660568237305,717600.0,[],[],[]
2020-08-02,32.28533982985932,33.786768529455045,31.23519751940128,31.660459518432614,1017200.0,[],[],[]
2020-08-09,31.88609926196016,33.73470596701688,31.573660103777872,33.47433090209961,1335900.0,[],[],[]
2020-08-16,33.77809258931944,36.277601173438036,33.60451818661826,35.23613739013672,1417800.0,[],[],[]
2020-08-23,35.418408037389554,35.817634568201214,33.13584494556559,33.31809997558594,1294500.0,[],[],[]
2020-08-30,33.240012878052525,34.550519041957415,32.826760084905416,33.7288818359375,1136600.0,[],[],[]
2020-09-06,33.685098897177404,34.5171434248019,31.819532216216384,33.7288818359375,1320600.0,[],[],[]
2020-09-13,33.212134094721115,34.06170295869575,32.19615117429845,33.15958786010742,1166900.0,[],[],[]
2020-09-20,33.32599758854311,35.51561544979917,33.08951835635502,34.58721923828125,2368100.0,[],[],[]
2020-09-27,33.763914008755265,34.0091535338642,30.514520168817302,30.85610008239746,1850700.0,[],[],[]
2020-10-04,31.32905936336282,33.36102729424931,31.171408814293574,33.21213150024414,1189800.0,[],[],[]
2020-10-11,33.66757693915379,36.64546720079131,33.66757693915379,35.62946701049805,1112000.0,[],[],[]
2020-10-18,35.9973312304848,36.60166503850459,35.15652417188454,35.98857116699219,891600.0,[],[],[]
2020-10-25,36.18126021802491,36.610423607663144,35.11273150832869,35.997318267822266,1008700.0,[],[],[]
2020-11-01,35.51561493795674,35.51561493795674,32.09105108985711,33.29096984863281,1222400.0,[],[],[]
2020-11-08,33.869023459135306,36.77683906115434,33.238415489411835,36.10243606567383,1166800.0,[],[],[]
2020-11-15,39.03651996865826,39.91236740495949,34.4295733961767,35.88347625732422,1196800.0,[],[],[]
2020-11-22,36.741804709559595,37.468754978482124,35.64698919383937,36.63670349121094,1297200.0,[],[],[]
2020-11-29,36.97828511785206,39.991198885711135,36.97828511785206,38.496131896972656,1140500.0,[],[],[]
2020-12-06,38.284265897836214,38.284265897836214,36.10390921505437,37.975318908691406,2601800.0,[],[],[]
2020-12-13,37.95765939071594,38.23130884508883,36.23632363697827,36.87189483642578,1934900.0,[],[],[]
2020-12-20,37.41918732848998,39.19348569221612,36.11274477722204,39.08755493164063,2796500.0,[],[],[]
2020-12-27,38.34605730966001,39.48479617088608,38.17833865268797,39.12286758422852,926500.0,[],[],[]
2021-01-03,39.52009025367762,40.08504030169022,38.11654685186322,39.61719131469727,791800.0,[],[],[]
2021-01-10,39.94381350633042,43.342343929924475,38.778601978408396,42.494911193847656,1552700.0,[],[],[]
2021-01-17,41.93879870880831,44.048538843637125,41.656322468035036,41.87700653076172,1669300.0,[],[],[]
2021-01-24,42.344857681394316,42.99808141457664,40.84420448245774,41.57687377929688,1140900.0,[],[],[]
2021-01-31,41.34736718706704,41.71811480561329,37.710486613512785,38.76094055175781,1374800.0,[],[],[]
2021-02-07,39.149352116783376,42.45962160787781,38.91101628784477,41.79756927490234,2487900.0,[],[],[]
2021-02-14,42.371344615018,43.474756635292486,41.8946543879162,43.3335189819336,1386200.0,[],[],[]
2021-02-21,43.916124570722424,44.64879721004957,42.68029792568165,43.96026611328125,1345800.0,[],[],[]
2021-02-28,44.039708080873304,45.73455736654774,43.06075689241715,43.75399398803711,1375300.0,[],[],[]
2021-03-07,44.71386553150321,45.38044892257201,42.74968634089613,45.13158798217773,1194300.0,[],[],[]
2021-03-14,45.28268025799697,47.80677668671955,45.19380152194553,47.14908599853516,828200.0,[],[],[]
2021-03-21,46.99799332903834,48.79329658500687,45.73594778243219,46.83802032470703,1459400.0,[],[],[]
2021-03-28,46.87357345584276,47.19352410989224,43.76289073492218,46.71359252929688,1388400.0,[],[],[]
2021-04-04,46.66026434280603,47.415721418737824,45.37155236579669,47.35350799560547,1297300.0,[],[],[]
2021-04-11,47.735675229933335,48.517799648517375,46.49140720780633,47.24685287475586,1155500.0,[],[],[]
2021-04-18,47.40683060740655,48.97994887369225,46.562502769174195,48.65999221801758,1105100.0,[],[],[]
2021-04-25,48.624446284843394,49.406558298247596,47.184639853770605,49.23769378662109,1706400.0,[],[],['hanging_man']
2021-05-02,49.335457216671266,51.050767358148676,48.72220453060335,48.77553176879883,1551500.0,[],[],[]
2021-05-09,49.31768186543075,56.42780575026932,49.05104905559625,55.4323844909668,3122500.0,[],[],[]
2021-05-16,55.77012770554704,56.436702937087446,53.32602157129447,55.35240173339844,1788300.0,[],[],[]
2021-05-23,55.227971517103924,56.45448213069424,54.08146290822547,55.752349853515625,1484200.0,[],[],[]
2021-05-30,56.01009465149018,56.879088073515035,54.916909929214405,56.825469970703125,1263200.0,[],[],['hanging_man']
2021-06-06,57.0399682730762,58.21973291155664,55.93170463065135,57.960540771484375,1681100.0,[],[],['hanging_man']
2021-06-13,58.19292930656682,58.31805562369787,55.62783219371621,55.94064712524414,1089800.0,[],[],[]
2021-06-20,55.86020366351133,56.03001745525134,50.399318664417635,50.48869705200195,2252700.0,[],[],[]
2021-06-27,51.26625571134213,52.17789454915556,50.07755696159157,50.71213150024414,8578200.0,[],[],[]
2021-07-04,50.54231051723095,52.90185046494866,49.34466763979571,51.76676559448242,2500600.0,[],[],[]
2021-07-11,51.84720873448489,52.446032235881994,50.274186003079116,52.204715728759766,1752500.0,[],[],[]
2021-07-18,51.38245050331491,52.60690519546931,48.030835901836994,48.039772033691406,1661200.0,[],[],[]
2021-07-25,46.69019789741348,47.97720548280622,45.76068278148614,47.8431396484375,2555800.0,[],[],[]
2021-08-01,48.012961077816676,49.96136688541077,47.2532690822336,49.21060562133789,1228700.0,[],[],[]
2021-08-08,49.63067334788275,50.5423122934401,47.50351674115016,48.254276275634766,1249200.0,[],[],[]
2021-08-15,47.67333893091043,49.80049177793458,45.10823457235119,49.40723037719727,1652600.0,[],[],[]
2021-08-22,48.90673188585096,49.487673523398634,46.24330987806257,46.59187698364258,1533400.0,[],[],[]
2021-08-29,46.94938316952537,49.68230449563404,46.79744505116628,49.51139068603516,1142700.0,[],[],[]
2021-09-05,49.529382538075474,49.64632194114205,46.911680002477205,47.35245895385742,1202300.0,[],[],[]
2021-09-12,47.21753841126514,48.04512552293196,45.50838192680026,45.51737594604492,1178200.0,[],[],[]
2021-09-19,46.021135532453215,46.26401527634741,44.18603923283622,44.86970138549805,1821400.0,[],[],[]
2021-09-26,43.45740546844602,45.57135282422088,42.80972622819721,45.02262496948242,1101400.0,[],[],[]
2021-10-03,45.22951817278354,46.857709178654524,45.07659634342342,46.49788665771485,1218400.0,[],[],[]
2021-10-10,46.7587533152013,47.65831681695418,44.608834185051506,46.569854736328125,1147400.0,[],[],[]
2021-10-17,46.884709446328046,48.45891196466956,45.805226876198105,47.77525329589844,989900.0,[],[],[]
2021-10-24,47.49639433884359,49.01663831025299,47.1725547328104,48.296993255615234,878400.0,[],[],[]
2021-10-31,48.50389402110589,49.223531248292225,47.07360807616316,47.991153717041016,805800.0,[],[],[]
2021-11-07,48.10808630727824,52.5518859708905,48.05411190059262,52.42594909667969,1081100.0,[],[],[]
2021-11-14,53.00165854890876,54.44994468652966,51.22054174861757,52.416954040527344,1773900.0,[],[],[]
2021-11-21,52.96567995895789,53.65833509593054,51.48142018292546,53.3075065612793,1581000.0,[],[],[]
2021-11-28,53.640333410924,54.49490924107525,49.60313357882604,50.535457611083984,1451500.0,[],[],[]
2021-12-05,51.06950486004861,51.386315284896796,46.127287495642555,50.20053863525391,1850800.0,[],[],[]
2021-12-12,51.07854913610365,51.85699540463545,50.25485521213758,50.82511138916016,1352100.0,[],[],[]
2021-12-19,50.272954344549355,51.286738695395464,48.5531431959854,48.66176223754883,1979400.0,[],[],[]
2021-12-26,47.76564170126708,49.70270637692115,46.244961543242944,49.40400314331055,833100.0,[],[],[]
2022-01-02,49.503567667737435,51.015195466316854,49.02383040144452,50.870365142822266,812300.0,[],[],[]
2022-01-09,51.49492865516472,54.43671554055906,51.12381047767083,52.96128845214844,1659200.0,[],[],[]
2022-01-16,52.934151611556544,55.37809687728728,52.155696212903315,55.26947784423828,1494200.0,[],[],[]
2022-01-23,54.762586340563004,54.8350013352826,50.19149324383628,50.35442352294922,1182600.0,[],[],[]
2022-01-30,49.7208000095478,51.25958707077995,48.26348119816961,50.34536361694336,1864200.0,[],[],[]
2022-02-06,49.61218189015992,57.921609305179246,49.02382222727364,56.52766036987305,3533600.0,[],[],[]
2022-02-13,56.58195542933058,64.3392414170694,56.13842578554999,62.8276252746582,4558200.0,[],[],[]
2022-02-20,62.8728738870532,67.76981494390829,62.09443002540464,67.0728530883789,2827000.0,[],[],[]
2022-02-27,66.62929759445628,67.77429140004341,63.1522859145698,67.39215850830078,2006400.0,[],[],[]
2022-03-06,66.17296809276499,67.34666093785145,63.880166945875516,65.40869903564453,2642900.0,[],[],[]
2022-03-13,65.69985350773884,67.11010957531573,61.387190326840376,63.81647109985352,2472200.0,[],[],[]
2022-03-20,64.26229915405548,65.38141067546977,62.497190164528504,64.38966369628906,2269300.0,[],[],[]
2022-03-27,64.82640246526903,66.08198502458185,62.04227538018909,63.90745544433594,1978900.0,[],[],[]
2022-04-03,63.689103793659854,65.56338504530414,61.08693117336886,61.905792236328125,2011300.0,[],[],[]
2022-04-10,61.90579599646437,62.81563914704805,58.066256663645596,59.45829772949219,2545200.0,[],[],[]
2022-04-17,59.3673367837862,61.85120971845054,58.639458613644244,61.05964279174805,1291700.0,[],[],[]
2022-04-24,61.12331801083359,66.17295036595846,60.79577362722755,61.55096435546875,1615300.0,[],[],[]
2022-05-01,60.54102891471418,61.49636547241195,58.839627173778645,59.91323852539063,2335500.0,[],[],[]
2022-05-08,60.17708714794876,64.82639191717519,58.885110214911116,60.92316055297852,2885900.0,[],[],[]
2022-05-15,59.90413157237515,62.014985831969625,57.87518106134136,61.65104675292969,1920300.0,[],[],[]
2022-05-22,61.24161035956275,66.14566974183917,60.495538399573896,62.99760055541992,1975600.0,[],[],[]
2022-05-29,63.62539043300873,70.6551676587649,61.70563371974077,70.55455780029297,1877100.0,[],[],[]
2022-06-05,70.86554267065334,71.90822041834888,66.04543514994236,69.22835540771484,2254100.0,[],[],[]
2022-06-12,70.04236537325059,71.83503929233372,65.57896791005057,66.59420776367188,2466800.0,[],[],[]
2022-06-19,64.83811533550391,65.15823441615986,54.55769051942335,56.2588996887207,2756400.0,[],[],[]
2022-06-26,57.73144014828892,59.57899475097656,54.877801504852684,59.57899475097656,2055600.0,[],[],[]
2022-07-03,60.04546694475015,61.188748726914554,56.30463122863847,59.14912796020508,1787800.0,[],[],[]
2022-07-10,57.57596347561238,60.79546497431751,55.68267951406724,60.29241561889648,1189000.0,[],[],[]
2022-07-17,59.66132106516607,60.72228909744351,56.37779501529603,58.92047119140625,1062500.0,[],[],[]
2022-07-24,59.90826743619022,64.93873708071722,58.518029360971326,63.74057388305664,1741800.0,[],[],[]
2022-07-31,63.95092688081942,68.44176423331544,63.29239217508287,67.92042541503906,1528700.0,[],[],[]
2022-08-07,67.47226476194767,68.4143397013026,65.55154473626537,65.8076400756836,1224800.0,[],[],[]
2022-08-14,66.7588546878818,70.02407074752517,62.96312767245986,69.75882720947266,1930600.0,[],[],[]
2022-08-21,68.95397070811224,71.52406559203975,68.10336433696493,68.56066131591797,1452500.0,[],[],[]
2022-08-28,66.99666257783495,71.244882517635,65.55154517786865,68.89179229736328,1435900.0,[],[],[]
2022-09-04,67.85312443668354,69.38815701602,63.43194269482413,64.19483947753906,1179200.0,[],[],[]
2022-09-11,65.20591200165772,67.45790666571482,63.25726937719378,67.33841705322266,1025300.0,[],[],[]
2022-09-18,68.06455458861734,69.011298751351,61.61198661992553,64.06616973876953,3382700.0,[],[],[]
2022-09-25,62.917192883517224,66.59387342046985,59.792016898426716,60.33432388305664,1498800.0,[],[],[]
2022-10-02,59.92069554686137,61.804989870769354,57.751457052405605,58.72577667236328,2153500.0,[],[],[]
2022-10-09,59.98504537550769,62.8712299609152,57.043692692935814,57.56761932373047,2456700.0,[],[],[]
2022-10-16,58.07316204868052,60.582489904250906,55.609790972267916,58.27537155151367,1464800.0,[],[],[]
2022-10-23,60.224015813832374,64.45220198587967,60.224015813832374,64.10291290283203,1640300.0,[],[],[]
2022-10-30,64.31431608449398,67.93586132785373,63.64333458110399,66.9063949584961,1138400.0,[],[],[]
2022-11-06,66.53871988741042,69.49843713115273,63.70767093884108,69.30541229248047,1424700.0,[],[],[]
2022-11-13,69.10322113673865,71.42870069148543,59.98503606515395,67.87152099609375,2278300.0,[],[],[]
2022-11-20,67.06263128291394,68.61603057043355,63.523838937939594,66.39166259765625,1778600.0,[],[],[]
2022-11-27,65.32542129447121,69.26721577138359,65.32542129447121,68.8884506225586,1080300.0,[],[],[]
2022-12-04,67.88149470012202,69.95083172187528,65.65510280350364,69.30416107177734,1269000.0,[],[],[]
2022-12-11,68.55587473154175,68.75911386795707,64.80521824290122,65.85836029052734,1330200.0,[],[],[]
2022-12-18,66.02465285869177,68.78682461998096,60.71273346309175,61.91368103027344,3317400.0,[],[],[]
2022-12-25,62.19082192142057,63.955311033320484,60.81436891996638,62.12615966796875,1226100.0,[],[],[]
2023-01-01,62.634257711402135,62.85596991454247,60.63884148713016,61.74740982055664,849300.0,[],[],[]
2023-01-08,62.44026472193999,64.64816505352232,60.509506744777354,64.55577850341797,1233800.0,[],[],[]
2023-01-15,65.36874433586789,67.53967297035697,62.54187402471351,66.99464416503906,1453200.0,[],[],[]
2023-01-22,67.26255021576718,68.10321970877382,63.42874582660618,66.81912231445312,1050000.0,[],[],[]
2023-01-29,66.82834624422104,69.51664703095832,66.55120774584827,68.42655181884766,1025100.0,[],[],[]
2023-02-05,67.74292310628655,71.96473850034077,67.53044391177028,70.17254638671875,1563400.0,[],[],[]
2023-02-12,69.7475873953818,70.46815736925332,64.96227818531251,68.38961029052734,1764700.0,[],[],[]
2023-02-19,70.2002469308046,75.47519628428319,69.55358342246359,73.84005737304688,2125900.0,[],[],[]
2023-02-26,72.81465022901222,73.59065372185248,70.83287331091232,73.06061553955078,1187800.0,[],[],[]
2023-03-05,73.38547454646805,77.72958711685743,73.15341827018217,77.65533447265625,1338500.0,[],[],[]
2023-03-12,77.2283453392373,77.48825438275651,68.27097898662521,68.97642517089844,1230100.0,[],[],[]
2023-03-19,67.73259510869575,71.62186975122772,65.83902319584816,66.61872100830078,2145000.0,[],[],[]
2023-03-26,67.59336769564165,70.4058896860457,65.81116243882704,68.0760269165039,1314500.0,[],[],[]
2023-04-02,69.20847371164892,71.64043321557754,68.24311858317267,71.13919067382812,1064900.0,[],[],[]
2023-04-09,71.3155538499843,72.42013717778167,68.22455199956599,68.40091705322266,1136900.0,[],[],[]
2023-04-16,68.39165260389315,71.49193110013682,68.28026299854899,69.7097396850586,1204900.0,[],[],[]
2023-04-23,69.5426390224075,70.32233971727207,68.0296376751576,68.59585571289062,989000.0,[],[],[]
2023-04-30,68.53089049291631,69.53337573442455,64.95721514630941,66.60945129394531,1329800.0,[],[],[]
2023-05-07,66.34027691333107,67.17568127081599,61.72698311183764,66.20103454589844,1587700.0,[],[],[]
2023-05-14,67.75115462568806,68.03890925016907,60.631677685019184,64.149658203125,1891200.0,[],[],[]
2023-05-21,64.55807488397559,65.90400961189613,63.045048671776314,65.82047271728516,1475400.0,[],[],[]
2023-05-28,66.09892764655962,68.09461962519052,64.49944954870209,66.36654663085938,1499800.0,[],[],[]
2023-06-04,67.290789445763,69.83004695093486,62.884402418277205,69.718017578125,1430100.0,[],[],[]
2023-06-11,69.31658986368346,70.93164418824415,65.33031207776915,68.5230712890625,1592600.0,[],[],[]
2023-06-18,68.5230837955393,70.69825699332762,61.89483139407606,63.99533462524414,2799300.0,[],[],[]
2023-06-25,63.53788627362088,63.53788627362088,59.51425159779244,59.67295455932617,2017600.0,[],[],[]
2023-07-02,59.50491870245158,62.912403791309536,59.49558113910719,62.44562530517578,1819600.0,[],[],[]
2023-07-09,61.8854819590688,63.42583927664633,59.88767537957238,62.75367736816406,823400.0,[],[],[]
2023-07-16,62.34292135564553,65.37699182253364,62.2122239747196,63.5285530090332,1295400.0,[],[],[]
2023-07-23,63.55655226197406,65.34898193681852,63.1084418386433,64.73283386230469,1096600.0,[],[],[]
2023-07-30,64.57412074457439,66.90801244368377,63.15511757327194,65.43299102783203,1508600.0,[],[],[]
2023-08-06,65.5170230007227,66.61862041877458,64.14470534719445,64.67681884765625,1490500.0,[],[],[]
2023-08-13,65.29297371616306,67.5241807099102,60.22375155036163,66.72132110595703,1757400.0,[],[],[]
2023-08-20,66.39456853557756,67.2160960341263,63.93931010641531,65.4703369140625,1420300.0,[],[],[]
2023-08-27,65.42367478831112,65.99982422916673,64.19137986110721,65.2204818725586,1085200.0,[],[],[]
2023-09-03,65.22051211433786,69.82143417662776,65.22051211433786,69.59608459472656,1335200.0,[],[],[]
2023-09-10,68.88247720226062,69.06088285560917,65.67121105999736,65.8402099609375,1164400.0,[],[],[]
2023-09-17,66.39419562472196,67.07025138085757,64.20642102501525,65.19232177734375,1885300.0,[],[],[]
2023-09-24,65.47401411772854,66.20641306199934,62.85432036686341,62.9106559753418,1168600.0,[],[],[]
2023-10-01,62.57262053246275,65.91532895811493,62.57262053246275,65.0420913696289,1158800.0,[],[],[]
2023-10-08,64.61017637828964,64.85430927287779,62.58201594762438,64.24398040771484,1004000.0,[],[],[]
2023-10-15,63.68058024507667,66.39419562472196,63.08903511339006,64.47871398925781,822900.0,[],[],[]
2023-10-22,65.45524599496608,67.77448274597376,63.70877087950353,63.88717651367188,1406300.0,[],[],[]
2023-10-29,63.4834252319112,63.567924900568165,61.12661389915165,61.65243911743164,1117200.0,[],[],[]
2023-11-05,62.544444848599554,64.09375000369134,61.38951897899173,63.75572204589844,1791300.0,[],[],[]
2023-11-12,63.78388204612625,70.0749438035387,61.99045575811885,69.8589859008789,2071400.0,[],[],[]
2023-11-19,69.41766368257316,74.2157822224197,69.08902745552514,73.54911804199219,1449100.0,[],[],[]
2023-11-26,73.62422911919845,73.67117305822498,72.75902672256193,73.14599609375,714500.0,[],[],[]
2023-12-03,72.5702780026092,73.61789680601248,70.5316127685089,73.4102554321289,1669000.0,[],[],[]
2023-12-10,73.07050504795254,74.56171599583315,71.73026127316804,73.4102554321289,1378100.0,[],[],[]
2023-12-17,73.14600901998531,78.61071064152215,72.71183700941421,77.10060119628906,2209600.0,[],[],[]
2023-12-24,77.59136925394303,81.47991516235375,76.7702440244849,80.68710327148438,1361500.0,[],[],[]
2023-12-31,81.07408287094317,81.80082059552292,78.75229495283618,78.80892181396484,678600.0,[],[],[]
2024-01-07,78.16712123316158,79.34689546524912,72.57025554657419,73.15542602539062,1181500.0,[],[],[]
2024-01-14,72.06060791105807,73.2309340605488,70.72982418197698,71.95677947998047,1354100.0,[],[],[]
2024-01-21,71.44711451607526,71.47543514228951,68.9460016702423,70.57880401611328,820300.0,[],[],[]
2024-01-28,71.04127058013768,72.00397596402064,68.94599673415365,69.4273452758789,1178200.0,[],[],[]
2024-02-04,69.37072046951253,70.44667392522297,67.02060804355257,68.47409057617188,1506900.0,[],[],[]
2024-02-11,67.26598918811081,75.61881097555937,66.6619454943796,75.36396789550781,2500300.0,[],[],[]
2024-02-18,75.55273821400999,79.120361328125,74.19363661436452,77.11946868896484,2511900.0,[],[],[]
2024-02-25,75.85475909546169,79.18540079659309,75.70374455236197,78.80602264404297,981800.0,[],[],[]
2024-03-03,78.43613990923124,81.49012163537789,78.02830961488567,81.21507263183594,1320100.0,[],[],[]
2024-03-10,81.1391926049409,84.56308320174023,80.77879162897379,82.6187744140625,1281200.0,[],[],[]
2024-03-17,82.51443772138869,84.72431513754216,80.8072359724526,83.48184204101562,1994100.0,[],[],[]
2024-03-24,83.5956701735078,86.46944877551684,83.19732630412093,85.61583709716797,1325500.0,[],[],[]
2024-03-31,85.41667763638367,87.73087793977875,84.65792843635033,87.44634246826172,1116700.0,[],[],[]
2024-04-07,87.47480905124549,89.95970465756174,86.39357851152691,88.29045104980469,1256900.0,[],[],[]
2024-04-14,88.77415921416106,93.26976185991028,87.95848578319703,88.4611587524414,1832700.0,[],[],['shooting_star']
2024-04-21,89.15353560177823,89.52342735145582,85.76759631794411,87.2661361694336,1366300.0,[],[],[]
2024-04-28,87.51273383753305,89.25787282308106,86.83933273060866,88.76467895507812,917300.0,[],[],[]
2024-05-05,89.32424739921117,91.28752314719858,86.45049009054948,89.25785827636719,1474900.0,[],[],[]
2024-05-12,90.2252721820493,98.12579183573395,89.9028054206411,96.65570831298828,2152200.0,[],[],[]
2024-05-19,97.16787582322524,97.88867764920559,95.19510491969366,97.12044525146484,1276300.0,[],[],[]
2024-05-26,97.12044802477763,98.15424611651443,94.61655339454617,96.86436462402344,1493200.0,[],[],[]
2024-06-02,97.15838011584731,97.62925204490888,94.34151390049126,97.43875885009766,1141600.0,[],[],[]
2024-06-09,98.10549925077676,98.10549925077676,92.20963529778703,92.8382797241211,1575400.0,[],[],[]
2024-06-16,91.92390610096709,98.04836751186004,91.51433914623246,92.39061737060548,1594100.0,[],[],[]
2024-06-23,92.15249846526346,93.61931628730581,88.58068648099515,90.9809341430664,1687400.0,[],[],[]
2024-06-30,91.53337662278498,92.39061054513036,87.3138830043572,87.52342987060547,2111100.0,[],[],[]
2024-07-07,87.64725805668729,88.32352565006356,83.70397942010801,84.17070007324219,1669800.0,[],[],[]
2024-07-14,84.84697028672315,90.91426781621482,83.6468425380019,90.47612762451172,1596400.0,[],[],[]
2024-07-21,90.84760176270609,95.92431182016934,89.80939638625927,90.48565673828124,1586400.0,[],[],[]
2024-07-28,91.13334084227726,94.05745706787216,90.50470018065185,93.06687927246094,1310500.0,[],[],[]
2024-08-04,93.34309660794243,97.57210360851309,83.93257897704403,85.63751983642578,2387900.0,[],[],[]
2024-08-11,81.77997826168388,98.64842195038892,79.5606968997133,91.58101654052734,3590500.0,[],[],[]
2024-08-18,91.58100754639028,94.75276740170365,89.62841703782632,94.54322052001952,1695500.0,[],[],[]
2024-08-25,94.52416226110694,100.29620198387882,94.02887608852663,99.28656768798828,1917300.0,[],[],[]
2024-09-01,100.41050456436538,101.83922548508835,97.93404896639805,100.52984619140624,1476500.0,[],[],[]
2024-09-08,99.22911539968172,100.00381748368328,93.94008811602167,94.96346282958984,1314100.0,[],[],[]
2024-09-15,94.97302129917273,100.47245442059204,93.26100997530841,100.1855239868164,1553200.0,[],[],[]
2024-09-22,100.89328549430675,106.77530570634008,99.94642665336676,105.4649887084961,1954600.0,[],[],[]
2024-09-29,106.08666913922205,108.19081722428665,103.48519172917463,106.00060272216795,3236300.0,[],[],[]
2024-10-06,105.35022373027272,107.11960866399448,103.88690687723069,105.66586303710938,935800.0,[],[],[]
2024-10-13,104.89113593809286,107.90387976516655,104.32684864791408,107.51174926757812,934200.0,[],[],[]
2024-10-20,106.94745651454339,112.0356333804541,106.54575971583068,109.6063232421875,1161500.0,[],[],[]
2024-10-27,109.65413274676091,109.65413274676091,103.60954163149951,104.49901580810548,1353200.0,[],[],[]
2024-11-03,105.12068937097277,106.37360395422594,102.8252734426627,104.26947021484376,2164000.0,[],[],[]
2024-11-10,104.05906459400438,112.34169120762652,99.62124464508395,109.97931671142578,3252200.0,[],[],[]
2024-11-17,109.58719603193207,112.1408494449992,103.75300590847621,104.06861877441406,2246000.0,[],[],[]
2024-11-24,104.69028988198126,105.70410302403074,101.30455594701718,105.55107879638672,1923700.0,[],[],[]
2024-12-01,106.49793405875752,109.71152299761835,104.60422874989149,105.25666046142578,1396900.0,[],[],[]
2024-12-08,105.71755181608766,110.57614880678429,99.28425205784481,100.849365234375,2004300.0,[],[],[]
2024-12-15,102.35687240515531,104.59413041208616,98.36245848092773,99.2650375366211,1664300.0,[],[],[]
2024-12-22,98.68891170321324,99.62990670136413,88.26120826595644,88.7125015258789,3249300.0,[],[],[]
2024-12-29,88.84691153444675,89.52864948244785,87.39701375000898,88.03074645996094,1013300.0,[],[],[]
2025-01-05,87.51224818809689,88.66447657520735,84.35319672532032,84.97732543945312,1175600.0,[],[],[]
2025-01-12,85.81269822700568,86.72488127423291,81.65504275804754,83.2585678100586,1240100.0,[],[],[]
2025-01-19,82.56722688836696,88.28998009730061,82.56722688836696,87.63704681396484,1639000.0,[],[],[]
2025-01-26,88.44363323834735,89.19258476918404,84.30519675889873,84.79489135742188,1526500.0,[],[],[]
2025-02-02,85.092553773076,85.81270061748883,82.00072039461676,83.02812957763672,2011800.0,[],[],[]
2025-02-09,81.43419693479575,85.61106336456744,80.27236098888864,82.77847290039062,2597900.0,[],[],[]
2025-02-16,83.661859539453,84.36280285038382,81.16534746938585,83.1529541015625,2202200.0,[],[],[]
2025-02-23,83.69066355912373,85.39020678229647,80.92529514680939,81.10773468017578,2028900.0,[],[],[]
2025-03-02,81.16534578873751,83.71946966663091,80.70445592992485,82.9945297241211,2552500.0,[],[],[]
2025-03-09,83.25508505029164,83.25508505029164,76.789236835571,81.91366577148438,2367100.0,[],[],[]
2025-03-16,81.30569290562404,86.03445277862345,77.40687322407787,80.39854431152344,2520700.0,[],[],[]
2025-03-23,79.96426497164195,81.92331822918399,78.01485035614377,79.33697509765625,2356600.0,[],[],[]
2025-03-30,80.29238993958145,81.58554381224282,78.94130603313383,79.3948745727539,1707500.0,[],[],[]
2025-04-06,78.59388767437368,81.489042093428,72.8711279456153,75.53466796875,2086400.0,[],[],[]
2025-04-13,73.33435730295956,80.09937991480054,71.05682636917132,76.69274139404297,3081900.0,[],[],[]
2025-04-20,77.20420256095366,77.79289535977864,74.64682163274452,75.59256744384766,1361500.0,[],[],[]
2025-04-27,75.16795623048529,79.27907300250487,73.39226274897787,76.43215942382812,1661400.0,[],[],[]
2025-05-04,76.41287289048341,78.29472270569642,74.23184408766242,75.26445007324219,2692300.0,[],[],[]
2025-05-11,74.55996962631151,75.38991549239314,69.13636520219494,71.38494110107422,3915200.0,['RSI_OVERSOLD'],['RSI_OVERSOLD'],[]
2025-05-18,74.74332417157137,76.30671210207748,71.72271918239555,73.91338348388672,2116400.0,[],[],[]
2025-05-25,72.89042432550232,73.54666542835741,70.08212605169982,71.40424346923828,2135600.0,[],[],[]
2025-06-01,72.27279079739033,73.6914193400749,71.56831342929299,72.51406860351562,1522000.0,[],[],[]
2025-06-08,72.14511730496264,74.17424917390474,70.8829947733563,72.87328338623047,1734900.0,[],[],[]
2025-06-15,73.39753661999065,76.32956649298329,71.9024066069189,72.54318237304688,1549600.0,[],[],[]
2025-06-22,72.99950010180154,73.24221687840588,70.59173512096842,71.05775451660156,1638500.0,[],[],[]
2025-06-29,70.9121271531356,74.68880541130287,70.79562044560979,74.22278594970703,2500300.0,[],[],[]
2025-07-06,73.88297755299834,77.23248418166197,72.39755743467619,76.08686065673828,1231100.0,[],[],[]
2025-07-13,75.40723366527642,77.4363589026789,73.95093325115926,76.1548080444336,1753200.0,[],[],[]
2025-07-20,75.93151417939437,76.29073766906816,72.51406009882166,72.71794128417969,1615800.0,[],[],[]
2025-07-27,73.24221340810229,76.3198569629194,72.60144027641624,73.912109375,1772800.0,[],[],[]
2025-08-03,73.72764902247619,73.90240539457636,68.35875261764158,69.90242767333984,2283100.0,[],[],[]
2025-08-10,70.40728019921607,78.22275095329296,70.33931979718233,75.7470474243164,2630000.0,[],[],[]
2025-08-17,75.66937382354091,79.8732219615121,73.39754126769535,75.8732681274414,2126900.0,[],[],[]
2025-08-24,75.60141863186493,81.2712687963435,75.60141863186493,80.5237045288086,1642100.0,[],[],[]
2025-08-31,79.8052685036615,80.39332331848189,78.36838101685323,79.6220932006836,1336300.0,[],[],[]
2025-09-07,78.43108168719053,80.83263329127696,77.71843103666393,79.12421417236328,1142100.0,[],[],[]
2025-09-14,78.88015203748655,79.7782975845982,77.06434603014807,77.1229248046875,1595700.0,[],[],[]
2025-09-21,77.52317890530888,78.46037500409544,74.79947475400817,75.66832733154297,2057400.0,[],[],[]
2025-09-28,75.26805848025745,76.04906007493425,73.03247111453621,75.39498138427734,1736500.0,[],[],[]
2025-10-05,75.71712208065092,75.71712208065092,73.12034178211044,73.38392639160156,1683900.0,[],[],[]
2025-10-12,73.5498745476226,74.24301109223693,67.40934641790686,67.5362548828125,2213600.0,[],[],[]
2025-10-19,68.3074830145954,69.23490761476492,64.91992782496023,67.99507904052734,2840000.0,[],[],[]
2025-10-26,68.3074811608915,70.65044988403254,67.90721937817273,69.64492797851562,1343300.0,[],[],[]
2025-11-02,69.86946745331046,70.15257782937958,64.03154835198742,65.87664794921875,2095500.0,[],[],[]
2025-11-09,65.75949927401916,65.75949927401916,57.58836652552309,60.01920318603516,4020100.0,['RSI_OVERSOLD'],['RSI_OVERSOLD'],[]
2025-11-16,60.46827562821516,61.083305260423906,58.60365516551213,60.1363525390625,2309700.0,[],[],[]
2025-11-23,60.077782036156776,60.917347736179956,56.94405317738819,60.24374008178711,2112400.0,[],[],[]
2025-11-30,59.950868518253074,62.860060420264674,59.23821411858303,61.517208099365234,1695600.0,[],[],[]
2025-12-07,61.41888876045516,64.5158903947261,60.96662581277587,64.23076629638672,2628800.0,[],[],[]
2025-12-14,64.24059440856074,68.57639601516502,63.10995015363395,67.19011688232422,3468800.0,[],[],[]
2025-12-21,67.69153737317248,67.8193548107706,64.05378948955497,65.01729583740234,3642700.0,[],[],[]
2025-12-28,64.88949106013752,65.52855780046801,63.36556480063103,65.37124633789062,1176400.0,[],[],[]
2026-01-04,65.30241720593506,66.19710912198327,64.50605339622679,65.92182159423828,1446100.0,[],[],[]
2026-01-11,65.66620419957276,71.9486855677779,65.25327284536765,71.60457611083984,2022700.0,[],[],[]
2026-01-18,71.62423012945699,72.81387559117103,69.54973581515885,69.7267074584961,1853900.0,[],[],[]
2026-01-25,68.63538758275571,72.31246437462657,67.70137510567018,71.6832275390625,1598400.0,[],[],[]
2026-02-01,72.09615903216202,72.14531323687469,69.31377676559529,70.975341796875,3315500.0,[],[],[]
2026-02-08,70.77870711318624,79.78458359245728,69.63822541951944,73.32513427734375,3846300.0,[],[],[]
2026-02-15,74.79988813361504,76.38279318721794,71.7618762313728,74.90804290771484,2495800.0,[],[],[]
2026-02-22,75.2718094585171,75.37995811986599,72.41077662303518,74.34762573242188,1771400.0,[],[],[]
2026-03-01,73.74789948708103,75.67183467958125,72.15515456878671,75.3058853149414,1702500.0,[],[],[]
2026-03-08,74.20804710336307,75.76084749255793,68.92655056238594,69.2529296875,2334900.0,[],[],[]
2026-03-15,68.64961452832968,69.59910197509684,66.19678749056294,68.7287368774414,2304300.0,[],[],[]
2026-03-22,68.9067613783316,69.57931390147226,65.88029507561855,67.07703399658203,2772800.0,[],[],[]
2026-03-29,68.8671950891032,73.8915517169406,66.90889609824863,73.29812622070312,1597600.0,[],[],[]
2026-04-05,74.16848502000789,75.7311708368503,73.21900269244095,75.09818267822266,1699700.0,[],[],[]
2026-04-12,74.61356106670675,75.93886995202897,72.95196507909158,73.80254364013672,1714300.0,[],[],[]
2026-04-19,73.66407338118222,74.6333332352765,71.6563114869847,73.6146240234375,1674700.0,[],[],[]
2026-04-26,73.49593409475447,76.26526387039826,73.34758337623992,76.00811004638672,1448300.0,[],[],[]
2026-05-03,76.23559159053012,77.60047099515462,74.1783778435877,76.48285675048828,1467700.0,[],[],[]
2026-05-10,76.0971288899076,85.09743559995557,74.33662990064401,84.74137878417969,2687900.0,[],[],[]
2026-05-17,85.1666641689447,85.48315826196627,79.9148420211471,80.1126480102539,2009300.0,[],[],[]
2026-05-24,80.55771053418127,82.83251801290731,75.25642977516415,82.49624633789062,2070000.0,[],[],[]
2026-05-31,82.82262832185467,88.95970648562391,82.51602677861291,87.02061462402344,2472600.0,[],[],[]
2026-06-07,86.63279569838441,87.98519179119019,80.1890328851427,80.42768859863281,2295400.0,[],[],[]
2026-06-14,82.02868796053919,87.35871431935338,80.89506380451593,87.15983581542969,2646800.0,[],[],[]
2026-06-21,87.35871033878146,91.28662872314452,86.90128373121709,91.28662872314452,3077200.0,[],[],[]
2026-06-28,90.56070547779518,94.00135585362605,86.94106276012377,92.87767791748048,5079700.0,[],[],[]
2026-07-05,91.66449690105978,91.66449690105978,84.58430921486234,85.86709594726562,2104200.0,[],[],[]
2026-07-12,87.13993843708727,88.88014992831478,81.14366078890895,86.83167266845703,2651800.0,[],[],[]
2026-07-19,87.07032958989188,91.70427149082153,86.52340994583803,89.88450622558594,1692400.0,[],[],[]
2026-07-26,90.94852600790595,90.94852600790595,86.61290297597871,89.6458511352539,1821000.0,[],[],[]
2026-08-02,90.08338735650462,92.46996289362365,85.29033810641613,87.52775573730469,2008600.0,[],[],[]
2026-08-09,87.90563917817575,90.01377857426414,78.14055291146165,87.1300048828125,4040300.0,[],[],[]
2026-08-16,86.66262737588423,88.73100096785566,84.91246825355454,87.38854217529297,1755600.0,[],[],[]
2026-08-23,86.39413577460502,87.54765231525354,83.57001695241775,84.71359252929688,1918500.0,[],[],[]
2026-08-30,84.9721312784935,85.5999984741211,81.90936207370049,83.6500015258789,1449200.0,[],[],[]
2026-09-06,83.98999786376953,84.1500015258789,80.23999786376953,81.4800033569336,1711300.0,[],[],[]
2026-09-13,82.3499984741211,82.3499984741211,77.68000030517578,79.68000030517578,1301800.0,[],[],[]
2026-09-20,79.0999984741211,80.81999969482422,76.02999877929688,77.44000244140625,2765400.0,[],[],[]
2026-09-27,77.87999725341797,80.04000091552734,76.20999908447266,78.58999633789062,747369.0,[],[],[]
